100
15
-680 631 85
851 -505 358
853 190 -412
-417 203 -416
788 422 522
-475 -127 -242
-782 360 -740
712 -147 -935
-782 423 -616
-754 379 433
75 -698 -549
-979 872 -664
-897 -811 600
-238 816 135
788 -578 456
315 -952 36
6 -269 -951
-194 631 -186
-702 264 962
-133 -389 -681
513 195 -813
-659 -47 492
-127 990 616
156 642 887
-294 -494 662
669 -879 -946
495 -972 -619
-626 -699 -369
896 9 -510
556 855 -848
124 -785 55
-137 -205 110
43 -529 690
-411 810 -630
104 -421 487
-186 -163 -187
-687 -325 655
610 -858 -976
770 25 -917
330 -463 495
-924 690 -15
782 -512 -540
-11 527 -4
108 707 -556
383 500 810
-38 -731 -653
923 -602 136
155 63 882
317 -739 275
824 368 -570
124 599 -453
-355 -806 -246
-535 46 628
-961 547 -861
-23 -290 -368
-339 456 -669
692 -970 342
-203 900 -532
-701 125 778
-550 899 -903
249 837 264
554 552 -47
-333 170 -429
370 -710 36
36 876 945
-856 651 -791
332 122 -328
278 -803 458
902 -741 -638
158 -533 90
-196 0 952
2 128 825
-540 -216 855
460 280 631
-135 -594 -200
703 -88 -449
-219 392 363
232 -715 85
-136 837 -632
361 608 610
-1 983 -584
-897 398 -185
451 -509 383
242 -28 -869
705 -647 -343
407 -56 -448
-964 559 709
457 549 -552
-480 -378 -550
-169 -884 -261
95 -711 973
704 -72 -259
972 -114 -955
495 905 -673
-237 504 -758
502 633 234
-746 874 482
562 100 11
-58 -573 -272
221 383 923
