100
9
84 30 46
341 675 836
284 316 117
30 217 276
861 213 528
915 939 327
331 245 785
893 254 645
821 544 976
230 419 302
139 557 226
867 499 661
796 368 441
98 610 990
633 389 17
379 59 569
753 631 746
970 567 79
416 921 247
589 778 991
866 755 385
291 736 540
160 210 918
363 43 912
348 6 755
574 630 164
392 232 830
216 588 710
763 680 754
505 416 466
288 137 446
442 554 94
93 229 148
24 497 703
844 10 379
11 739 958
410 673 872
309 496 600
138 220 714
92 82 281
328 142 207
303 884 745
526 490 823
315 962 530
870 25 999
811 537 106
741 915 504
616 967 509
229 209 354
1000 992 656
259 140 58
710 251 805
116 193 343
0 612 786
101 943 316
225 225 127
704 490 655
632 379 244
554 999 38
626 536 343
604 88 709
136 993 817
121 707 144
209 476 861
377 650 800
213 42 407
60 88 115
596 401 515
752 644 736
990 380 3
638 316 577
185 986 296
32 224 614
204 424 106
599 462 679
75 684 807
275 326 197
712 894 636
999 831 378
374 568 416
597 782 922
319 1000 863
774 651 974
936 942 881
840 930 74
237 733 322
18 240 463
504 751 122
358 274 141
146 639 266
756 729 825
334 529 107
868 512 578
61 43 483
543 334 812
498 497 1000
231 459 785
511 935 289
905 833 36
247 75 69
