1000
20
626 729 -752
-35 20 561
39 -329 163
-998 -958 -160
870 -500 324
-412 651 -64
-355 -372 123
804 688 586
-557 -654 625
191 901 391
-490 -75 365
-11 44 -776
736 -328 618
695 393 899
83 128 89
798 -253 1000
397 -626 777
915 -235 -909
779 -227 517
-308 21 747
-587 -635 353
-589 979 209
926 -683 21
-990 164 -933
914 890 -413
781 -431 137
-390 -629 712
742 144 764
-487 542 194
607 913 204
-756 605 -648
-292 106 216
766 865 -100
877 863 -639
978 -371 -673
-117 654 -797
216 -25 983
861 587 -675
-39 705 673
63 353 -284
-261 -675 -32
936 410 463
-523 361 275
-858 731 -819
-173 159 884
698 560 -622
437 -841 273
238 -547 751
-750 -941 990
-784 -22 812
-983 367 63
-418 -220 -331
774 -61 722
-530 904 -608
666 -277 364
762 -396 -282
93 -498 103
63 -575 -179
-282 269 -416
-318 398 556
54 144 -943
-457 862 -755
-755 864 571
-356 51 192
12 237 -717
537 960 982
597 -366 560
-198 895 -648
969 -341 -768
-842 550 -966
30 324 421
411 -655 -268
219 413 -245
503 -515 62
965 -222 -911
-981 779 -119
708 125 -581
418 -28 -993
-870 360 779
-431 1 -806
-709 734 909
341 934 879
914 -605 -512
-541 -714 221
-742 711 -930
108 68 -531
597 -704 -254
-82 717 385
628 86 439
-471 683 -660
-159 753 112
999 -318 -424
320 242 851
964 -860 965
-626 -276 -695
299 148 -684
-427 47 -761
-923 373 220
-610 -762 -389
49 -20 -564
-944 -736 848
878 456 378
-936 413 -109
432 -835 -261
148 -895 31
-905 -385 -32
969 883 -573
-252 888 -576
756 -954 507
296 644 305
499 -964 -280
-774 -350 658
468 939 -108
-436 -458 -289
-561 -588 -693
-911 504 -95
976 554 -371
-682 139 966
-973 -472 -240
166 150 -299
-274 -719 42
896 541 -890
239 945 -131
476 -367 -499
226 223 596
-576 -740 -725
29 483 128
137 -734 -305
-285 53 -571
179 -530 336
142 -796 -639
-985 61 117
368 190 -752
586 838 543
-144 150 736
214 207 730
376 -619 -133
-898 430 67
-885 -302 -882
-416 -42 20
1 -487 -334
-86 -255 -970
966 90 677
400 146 589
-8 -119 419
-960 616 270
595 770 -555
-822 -84 986
632 270 -309
-320 17 126
-613 -154 528
901 -975 -596
-73 -638 -231
-286 205 728
21 600 -843
-546 -681 950
592 958 200
-894 -47 195
178 -76 292
252 -836 494
-655 956 -440
558 201 107
-438 679 -593
-161 -39 -800
636 154 453
510 -237 240
-627 -260 -354
742 252 -385
402 923 926
908 -124 -552
-280 -204 -243
-814 843 692
915 719 822
-430 934 251
-291 -442 101
334 -546 -226
722 263 426
617 262 643
945 379 -854
77 657 910
-752 -306 812
-960 -330 913
715 -38 969
-687 736 -483
67 -451 -234
304 558 -123
991 813 -472
822 331 -825
839 84 732
-983 -462 -816
93 -655 227
-601 -161 -185
-343 606 -115
-994 536 294
-283 -756 231
783 581 792
569 -544 -83
970 -135 -192
-580 -289 -564
-225 -581 -174
1 250 -492
-639 -247 313
809 90 -642
679 -468 -812
817 -895 -118
-687 -469 936
-447 205 -963
-868 929 -97
986 858 -858
-942 -635 -219
933 -917 398
676 -973 547
-134 361 892
588 312 534
-931 303 -865
728 -887 -705
279 -932 -126
876 -27 516
698 361 -395
-570 588 -641
880 848 499
823 -736 -847
-176 -772 872
-528 -463 35
122 -922 -750
389 -666 -192
817 -150 673
-623 920 614
-886 758 -808
105 -948 319
-472 116 -746
411 -94 -516
-350 -291 600
917 379 894
-60 376 -27
-928 -408 -440
-632 -760 -268
-819 -231 -83
569 724 977
896 -882 -325
-827 762 158
-660 -18 135
-34 922 776
890 -337 887
318 391 -352
-269 -870 254
298 -225 358
-942 25 -45
906 -111 919
-416 42 454
549 -980 657
-292 -307 -599
699 973 565
-885 -238 -515
602 -591 -615
256 889 -88
28 -181 863
-514 -81 642
-443 509 215
-507 227 712
-667 -302 -43
435 841 -224
-123 784 850
387 -359 -790
383 -842 -650
-891 -494 29
654 -430 -980
913 -690 481
-892 -43 -660
-238 -920 -358
603 -912 297
656 780 -443
-349 -892 1000
-816 931 645
271 -46 -844
-828 -577 -826
-488 -727 28
759 379 -806
706 742 332
704 -547 461
-498 1000 867
447 408 -898
531 903 -245
967 654 -722
-35 -820 -996
767 733 459
-105 654 -318
-50 -752 -806
-39 117 488
441 207 202
118 -950 -350
-849 -789 59
218 -793 600
-641 277 -990
-938 704 -482
500 15 625
-414 189 -573
802 180 -159
963 -654 486
-591 95 -702
122 429 -918
-523 260 -617
-650 217 452
-970 -60 -88
430 -604 697
-802 605 -599
-104 686 -210
-208 761 -469
-175 -593 -46
229 -391 396
206 -275 -67
624 42 -793
209 -410 916
236 -260 522
-90 -606 -380
171 -46 -34
395 -657 751
-693 -691 -381
531 -915 767
652 335 -617
-910 -97 -539
-6 -899 -958
-348 430 -263
-652 398 951
272 -876 -68
28 737 519
-454 -771 130
79 409 151
87 -81 -674
534 -377 -17
-778 -811 117
939 -532 -624
176 458 788
-71 -204 -263
-282 -474 373
965 222 789
-554 -660 84
-763 -662 857
-922 -668 468
-792 -43 120
735 -433 -44
-926 -144 983
-716 84 843
-871 357 383
403 -712 760
314 55 452
80 658 872
855 796 17
-979 -750 721
260 -462 -87
191 547 337
-579 28 -796
-644 332 -622
-846 -149 713
-182 991 647
611 -115 -643
937 725 96
-132 979 50
-338 -693 914
-71 363 -341
-48 336 -76
447 951 -494
291 -63 2
13 480 -471
663 -978 851
-494 -953 218
-91 -252 -409
-369 -255 -86
308 -917 595
-146 79 -792
-438 232 114
937 -324 -773
-375 931 148
-302 603 -355
789 231 807
114 921 -12
586 882 -603
894 -298 591
-276 -508 101
-663 749 836
-758 351 -300
-798 454 -259
153 187 223
739 563 -854
-275 -178 -481
489 869 109
-327 -577 490
444 -638 56
847 -979 -188
-522 439 -735
679 649 -503
-559 731 109
481 811 433
532 -341 784
395 60 32
338 -113 837
-84 283 502
345 776 -81
870 800 -411
-946 516 -226
-278 385 270
-748 -480 -934
-3 767 -672
-199 -575 494
943 681 743
602 243 -26
-756 505 -949
191 -55 820
-607 -12 -873
-214 486 -841
356 -838 978
-225 -871 -174
-436 352 -416
-58 758 -53
-901 -883 746
987 241 -628
-568 -93 145
886 -414 285
-581 975 -810
-144 -227 -606
-919 47 508
-412 221 390
671 926 923
-358 -534 -856
-284 -734 675
943 -774 251
245 660 -904
-591 -375 -268
-638 -659 -548
882 -884 -829
-581 13 327
360 -113 61
311 -116 -914
666 39 919
-463 -979 -450
-816 -50 582
58 827 578
-675 844 344
796 452 910
-768 -408 991
-715 819 -485
357 -640 46
443 -849 59
-701 928 508
312 -250 -8
812 -726 551
-423 157 700
247 -98 -640
287 -686 -290
126 -720 280
-986 841 148
-440 833 54
462 -911 -935
-648 294 -732
-530 -458 -238
960 3 1
533 -695 663
-913 210 519
516 -314 895
-300 -393 -841
878 184 -184
-466 -110 7
494 250 -392
874 -845 -457
-592 362 991
982 64 223
-277 -556 847
558 -656 -177
427 -437 246
-649 -895 -569
-601 -977 -858
414 -213 -573
448 -985 31
991 502 -266
-594 513 944
319 -651 918
-58 -229 -398
301 829 -370
-521 29 490
-455 707 -489
694 -570 -940
-252 -231 -504
218 -630 -308
-128 -395 -427
302 -756 547
-341 -264 452
-699 730 703
767 840 394
214 70 -322
751 139 -643
160 -350 -15
-68 54 199
-422 -941 150
514 -739 -518
-309 -889 778
-539 -538 -768
-345 -307 -662
385 558 -100
-635 71 -264
704 -390 672
-266 858 41
-136 39 313
-586 -538 -606
-597 -162 -520
-626 -448 380
-774 -475 -68
-269 44 533
971 496 -140
324 -417 979
-861 -847 693
4 798 -400
774 -965 399
-58 -464 -172
83 -160 888
248 651 -530
188 92 423
125 -679 -116
701 182 -528
981 155 600
-109 -377 -667
484 522 -552
717 868 -807
-483 678 -473
-100 -528 572
-192 -680 841
-902 599 -362
527 -683 792
678 -704 898
-914 942 270
-190 -543 564
-385 -501 246
-241 808 932
-560 751 555
-643 903 505
-138 -146 434
-574 380 181
-769 -679 -710
-252 -318 686
580 760 -28
748 107 254
-894 132 -495
740 726 324
114 -50 421
115 363 350
32 -356 -334
3 197 -533
-128 -5 458
-980 44 14
-299 164 -790
-264 -933 509
-741 971 -289
-414 428 148
221 263 454
573 334 -603
-789 945 -541
540 -118 -975
278 70 -105
-770 487 -96
-733 -400 508
-10 511 -797
453 765 -540
-439 -922 -188
-982 -57 539
-261 -118 -167
-575 116 -197
-548 619 -405
-214 -900 222
154 -322 185
-58 837 832
-544 -421 -903
370 231 -838
393 -253 214
94 566 -742
322 -873 465
-972 684 -740
451 623 598
-760 -752 586
791 -771 991
767 -123 702
-67 -22 96
163 823 409
-65 15 810
303 161 282
428 926 607
723 -890 486
956 -592 963
788 -623 405
-379 -902 -934
-41 421 133
492 196 589
-881 -20 -210
-555 -291 -347
-43 416 -698
-409 -78 530
-162 -14 571
-145 -538 -638
-315 350 -806
211 819 -536
-72 115 -964
71 666 -377
-881 -132 749
490 -492 514
-183 169 -337
466 -280 -738
-295 801 748
-126 63 111
-497 749 267
629 764 -948
-794 -249 -388
-202 22 68
-73 957 136
313 909 683
79 713 -228
-579 515 -703
-134 -703 441
-3 715 -742
-980 -891 506
-283 -395 -770
-715 675 114
-813 652 849
533 -817 -294
-482 942 -387
-146 518 362
467 -984 436
63 46 -473
-735 -122 448
501 518 54
-92 337 790
383 191 -829
-667 878 -650
757 409 -837
-726 -578 579
-515 -530 617
-500 -825 611
-48 467 977
160 96 -451
-443 -409 -608
-104 330 -941
342 -537 903
832 586 288
717 -613 75
297 338 338
-325 -323 -868
374 171 -278
36 -647 -491
-544 -243 -797
-274 196 -163
-546 -542 334
929 -76 719
966 308 -7
808 979 -566
-321 653 -361
307 969 -597
-660 -419 857
835 563 347
225 -870 869
108 789 -8
439 -914 334
-250 742 650
-814 937 -960
-143 466 27
336 -128 -260
182 -85 -682
679 -910 -695
384 496 846
25 298 -690
-765 870 -429
991 -193 150
-84 -703 786
136 -784 394
-615 -951 861
-552 333 -891
-791 -852 125
-862 228 -284
206 97 -551
-392 131 -818
28 -583 517
-309 648 -998
220 420 425
-829 -639 -365
-790 866 145
563 734 -331
722 675 991
-322 897 818
-522 584 121
772 -517 -760
-461 249 -126
-962 -466 707
436 -652 -945
211 749 625
-545 -73 747
714 -797 986
905 136 -555
240 398 -306
-916 830 473
211 -494 732
48 -121 -854
33 -66 716
125 838 394
734 508 -218
-10 7 -770
-825 888 596
860 103 -381
995 -316 237
663 -2 -205
24 926 817
881 -726 -456
-227 805 496
854 -729 -499
-372 541 -242
-886 891 558
350 -78 844
-802 -283 368
-61 -517 642
535 928 538
-588 26 -214
173 -961 713
-217 568 -353
479 867 737
-18 574 61
776 48 30
224 -188 -91
-303 -464 -626
-659 -285 -819
-770 335 -701
-984 -768 970
835 -280 308
559 125 904
-317 597 -788
162 -534 337
-788 590 -594
-776 117 39
845 -997 468
-800 -547 326
658 -544 -9
625 -793 -725
-253 -544 268
540 333 887
-726 -695 -180
-671 332 -462
-389 -216 -304
11 -78 -280
-811 189 -497
-900 -722 86
-148 680 76
938 -364 48
500 -75 -921
-79 -202 111
582 185 -809
-67 -878 -458
-426 -351 -417
466 -135 -949
-370 -290 709
-871 551 769
0 -668 504
604 33 7
-506 -335 -217
-404 -212 996
-312 101 21
499 913 219
132 169 660
-510 -232 -239
-136 -359 -916
159 472 -641
-111 861 182
611 -999 -531
-723 -398 -10
584 551 -805
418 -547 -175
-216 846 -36
329 -154 725
-462 -212 -521
713 -189 -336
-733 -534 -764
-622 -37 241
-334 1000 379
376 -499 -849
138 -347 -142
71 -222 95
331 648 -900
-312 -361 104
694 -648 -582
534 -462 -876
-88 751 324
-282 346 -797
-986 -948 -765
-374 241 521
-827 997 182
923 -92 864
971 -557 -656
491 -709 -994
-885 -379 168
-596 282 -452
940 -842 -831
344 56 571
629 242 891
-491 138 -850
611 -733 350
-99 392 -881
173 -621 -933
400 -86 736
-757 607 -421
-821 704 -133
862 602 935
-266 -803 -497
-645 -231 -20
-677 -152 709
998 -853 -663
866 140 -670
218 -221 383
621 -231 351
982 99 -282
981 -685 627
-269 -780 129
97 222 -603
-827 -353 29
419 311 716
-97 244 -534
20 630 -492
342 -579 -101
-962 -447 912
339 257 -304
584 640 91
-310 -936 -545
829 -201 790
-538 204 -152
550 493 -185
-252 -173 174
727 999 -243
65 915 275
273 -551 -841
-778 512 -120
16 395 370
419 466 356
-795 -308 224
0 -55 -393
838 713 -224
-188 -102 -524
-396 890 257
712 -479 -116
777 -231 887
838 -270 694
244 -700 -433
414 10 916
248 155 -760
58 878 -609
-866 918 -739
65 819 807
920 611 -431
577 -922 223
127 564 698
-767 -158 -887
941 -820 258
68 374 -273
316 -452 807
-190 219 -866
303 514 -695
-179 -992 -216
-227 -57 -397
552 -617 369
317 -674 114
-976 212 -517
210 -688 -559
-400 -610 -37
382 686 828
631 -868 -359
-299 851 -422
-334 -847 -602
-616 -636 513
-367 812 10
-514 -174 452
468 -577 622
110 317 -214
437 24 -235
-73 -878 -110
543 995 442
666 41 -52
-454 -909 214
328 -45 -14
573 241 -771
238 -642 -82
-261 473 -750
-63 -346 -999
-683 371 452
-530 75 -587
771 477 -313
-419 882 -626
-886 923 -643
-414 -919 -722
821 -189 -511
-660 -974 194
700 536 564
621 -142 -711
-324 -511 566
764 500 62
-271 -846 -202
-364 722 -229
-716 342 262
499 -718 -67
224 96 885
568 -635 158
-273 980 107
212 -159 -26
495 272 698
585 -676 348
-624 -322 218
418 -83 770
443 -271 982
-214 233 -414
-623 -718 -243
-267 571 555
960 -187 -367
-478 482 546
103 541 -191
51 553 956
-143 571 -536
-809 790 531
-811 912 -829
216 -68 -421
-306 -998 431
-80 -291 365
297 410 498
-869 113 -30
-215 -287 -334
-920 -939 443
951 -988 301
-897 -255 439
-422 -739 65
147 -153 -842
-323 186 160
-359 657 -521
-5 243 891
158 -148 805
764 62 52
855 410 446
-231 274 338
329 445 -535
-299 -960 -596
420 -350 -544
-370 -792 690
853 385 846
-531 713 871
975 379 42
63 623 -952
690 433 -747
627 602 996
113 -408 27
-5 -3 -946
798 747 -642
-330 594 -820
-719 298 114
-749 597 370
-404 903 -131
-430 879 410
-169 906 292
-240 -460 59
-683 864 556
967 804 190
965 822 514
-522 -701 193
273 745 750
-709 -870 49
189 -104 639
-596 -332 -88
-430 683 62
401 763 -404
694 98 363
-312 -742 142
585 996 -513
-256 474 609
35 773 -282
397 38 -667
319 340 -942
405 61 650
631 -127 -297
261 -140 313
-16 65 -811
-256 647 478
283 277 -182
654 -787 853
-519 -633 188
817 -333 -742
-766 -421 -835
486 -156 595
-630 444 628
-433 -881 814
-158 909 -621
-100 -81 727
-635 614 780
-673 -483 -391
133 -596 455
-555 -294 -541
957 889 669
639 -605 952
831 -892 -240
429 -69 422
446 -359 -963
-57 -809 -850
-79 645 -719
47 -938 433
