145
19
-216 -815 -407
-771 377 658
749 -926 -147
-3 197 -178
274 119 125
543 -578 50
872 832 -86
788 -446 -458
-595 -112 -300
-553 369 -362
-581 508 -427
-201 101 -56
-947 -377 -363
233 -423 312
-702 40 549
-21 281 656
-540 419 -639
-278 -115 -656
302 780 472
610 -460 -702
841 2 410
-692 166 136
288 -708 -140
784 306 -184
-819 46 -377
-904 -785 -439
989 -60 -961
-724 -346 826
-513 -454 -491
817 -194 -581
5 -413 -188
-753 -464 534
-600 720 -154
985 -859 77
943 332 -993
8 -685 -99
342 769 498
721 829 644
-278 -457 580
-282 -965 802
-911 452 -936
-687 -102 218
714 -51 278
-93 919 767
-610 111 23
43 -527 -474
489 292 -778
565 -972 793
-826 546 996
-269 -582 -526
32 -455 106
-21 -534 952
741 -384 -640
540 596 63
-576 -512 -844
533 133 -740
593 664 -850
-718 -569 156
-572 -957 240
-841 841 -838
549 -132 586
-52 201 -684
309 989 -49
73 32 960
409 -955 -842
515 -576 7
-468 321 406
985 -374 -24
285 553 396
882 -567 958
-474 -823 772
85 -586 86
-324 953 938
301 -302 -207
601 -301 443
-790 387 -442
-167 -487 516
-442 733 -8
624 -893 -799
-130 767 697
661 293 61
858 -320 -749
15 513 -18
-391 18 -471
-536 -209 995
-560 -845 -13
-918 -839 498
654 265 -834
235 -103 119
623 678 -149
475 -198 -177
891 -977 164
-834 156 569
-12 883 -139
93 -251 897
-280 645 382
908 751 133
160 252 -238
-342 891 -677
997 894 -266
-325 -823 378
-905 -488 879
909 -884 715
528 -109 344
-427 585 197
-353 770 104
199 -158 942
-383 -948 -674
382 -187 796
953 872 926
-204 -687 -133
-218 251 -98
537 -690 778
-585 466 600
-739 -61 -59
-881 -282 50
695 -210 146
264 -805 988
275 316 129
191 -197 -715
-924 -912 -406
-92 -133 511
63 -596 373
-589 970 251
401 -792 478
661 -966 -928
239 -988 -683
-40 224 724
-817 -340 61
-979 -595 132
-762 -949 389
-448 -362 818
-636 486 215
701 213 329
933 -89 70
-9 297 895
-435 210 -501
-332 -439 319
-991 7 -506
-747 -107 921
442 -701 -850
564 495 959
422 -808 746
-393 -934 328
868 115 -307
