358
17
722 -605 -994
494 694 220
-993 -669 262
36 223 862
5 903 -915
-177 677 -202
-229 -438 -642
618 32 958
263 -173 343
147 841 680
496 -363 709
485 217 11
65 645 396
-349 -612 904
-72 959 -302
946 658 -565
967 953 48
-791 815 -427
588 607 -678
568 981 -873
913 -747 581
-788 -598 -889
-298 -125 -550
249 250 189
-998 -354 -747
734 -995 864
965 803 201
-959 514 -703
959 -796 -363
-808 241 221
559 -922 -913
-314 -705 -99
201 757 430
943 607 864
-543 564 -105
-3 17 -382
220 -826 602
754 539 266
-550 691 257
-149 822 -159
-546 -451 -993
-840 696 -657
610 262 -608
-925 676 -327
-220 79 -520
-883 943 586
243 934 -705
637 983 610
618 -856 -850
-992 -344 -808
-584 286 75
-827 117 -533
-515 -932 -237
-580 -82 428
-483 -31 -193
805 848 -566
782 -215 422
-728 -817 -954
-579 -751 457
-455 -821 -313
81 -1 -149
-735 42 273
-269 176 78
-900 749 962
535 -988 591
426 552 -225
532 112 356
36 -645 478
-202 282 -703
-417 -111 -193
837 406 585
-848 -331 89
267 -462 403
-379 -237 342
241 -495 -746
-123 -371 32
-456 -86 645
-524 -602 -777
-643 -421 747
192 -65 -709
756 238 -454
-176 -137 438
355 572 -108
181 78 422
352 -435 -787
639 101 -538
330 -853 372
661 559 -305
171 -953 306
768 -761 -170
951 840 -399
549 868 699
-792 605 -782
-86 -786 -636
-134 250 -837
198 -953 -633
497 710 -786
450 -635 284
317 738 -458
-448 -438 661
758 743 -916
-803 -947 -113
153 -365 -193
-307 -823 -433
-312 -708 -220
-32 966 31
504 -452 -719
-12 358 -745
-329 -666 -147
-445 -941 819
-451 453 540
653 125 553
722 -148 957
45 787 323
672 -671 819
-500 -163 57
-668 505 -810
-36 -519 983
776 850 142
842 851 -367
983 139 -201
694 999 -436
703 415 -79
584 -735 -889
616 670 -829
-32 -555 -799
-426 -406 -250
-455 555 657
423 -691 953
-886 360 -546
-485 -460 222
223 -35 -718
591 -260 -306
487 -675 -923
-939 709 472
9 9 654
-160 975 -343
-846 943 -714
800 -789 258
-698 -897 179
-174 -669 -426
-861 992 -451
-885 892 -638
970 -658 -679
75 232 -299
-419 558 861
276 171 -527
-146 -625 -955
819 -310 701
-785 423 -886
570 -782 -531
-343 358 -705
932 -188 723
-376 68 883
943 -398 264
-802 -250 -489
275 336 387
-233 -921 -58
106 -889 676
844 177 -66
-567 -118 996
455 -617 -350
-757 -492 241
904 955 -52
-310 -719 558
-607 940 469
719 293 -330
-971 -938 -607
554 383 841
678 80 -101
-226 764 499
-572 -440 834
-904 -174 208
546 198 -595
-805 608 -745
-224 -782 -539
-213 -786 -999
-459 65 305
-460 -348 -784
44 -380 159
100 -690 -981
542 -108 -147
870 -817 433
-314 158 954
937 891 -355
155 396 111
945 745 -805
-337 799 264
930 -548 444
723 628 895
-220 -617 -659
-512 770 770
658 -680 -848
366 262 489
302 -841 -127
732 863 239
128 -473 923
-595 -539 217
850 84 -248
415 -853 -256
814 -625 835
-322 540 -979
857 443 -737
-256 -796 -938
-421 -718 341
-504 -934 11
-497 -413 -857
879 -434 -32
502 326 810
-936 737 408
898 -471 750
504 -709 -43
298 -850 -68
-564 -823 60
-437 -307 -928
-814 -170 -829
650 259 585
738 725 -968
896 792 -633
39 200 -480
-106 201 438
-56 -860 585
-360 802 -829
951 216 -464
509 501 316
-793 730 -682
187 533 -791
-515 -770 871
-310 -134 678
-447 -740 441
47 -816 -138
-712 757 -198
-834 -382 483
-67 692 -501
438 966 752
-257 -760 487
714 999 -481
578 -478 -464
37 -211 201
768 -149 -344
-53 93 234
-566 -969 -731
705 42 687
713 -612 900
250 -670 554
-752 -795 87
599 -378 516
-630 334 298
-634 225 319
-388 861 -577
486 387 -575
824 -371 -904
704 -708 528
-256 670 -561
-992 -341 -429
-355 556 -17
-539 266 -314
789 -542 624
-24 -747 -932
393 -21 -188
921 -67 -308
-436 169 -925
-211 536 253
-335 778 -820
-741 700 61
354 451 914
150 -521 -975
301 688 -645
-954 -756 -906
-512 -141 -577
350 -811 -555
-604 -38 -390
-403 -69 -485
-98 -746 597
720 -25 655
641 826 -138
-209 -133 371
-651 -688 153
-622 -259 -495
426 -886 803
-512 745 348
-10 657 -236
473 -622 -585
613 -430 256
-45 -174 -211
769 -78 907
158 141 -402
24 -413 -710
490 355 -517
-959 -804 -401
-12 -422 894
190 -405 -995
857 550 -389
-733 -468 -361
319 735 106
-271 894 -376
-741 -132 700
-907 -936 -732
390 300 815
-718 -425 -556
765 -246 305
-709 383 -756
-346 -53 -814
922 850 823
-605 -45 790
-272 -271 -470
480 865 104
-762 -236 -273
622 486 -48
461 714 67
-766 -428 700
-670 -760 -390
171 -398 250
-965 791 -575
-998 -896 -108
-680 -492 88
-786 -546 414
-231 330 23
698 -540 -5
206 99 835
68 219 549
952 196 951
-17 -816 -173
-253 978 -476
-349 166 -650
506 668 -981
379 938 -776
928 -391 -677
-862 285 512
-557 -981 -728
-41 -416 -954
236 -110 -623
-189 174 -483
-404 309 449
-685 -172 767
895 275 36
83 -207 202
-22 -862 25
128 747 -99
579 347 -345
-16 -223 -645
309 -957 532
976 333 539
-768 -429 932
19 -140 -630
531 -379 -378
560 -818 706
131 -966 -385
228 -558 772
103 257 -815
-450 -353 -734
-443 -231 683
963 -177 911
-407 -829 -397
504 -957 -993
564 -114 -426
-778 -37 677
605 35 -286
