333
12
-635 497 892
-642 589 254
-724 -829 -902
-258 -984 -991
-503 929 714
971 -840 587
365 110 711
314 825 495
-710 397 -651
874 770 -464
814 288 190
13 563 -15
196 569 -754
-748 524 732
-166 550 -215
-140 -662 455
466 334 8
269 304 -299
947 686 -969
270 -458 275
710 -562 -721
91 -685 -825
-276 860 200
203 684 176
993 -850 -385
-152 -133 -652
-711 -109 95
-544 46 -123
-242 -238 542
-168 989 161
591 133 267
-221 -903 -567
-69 -361 592
920 947 -168
-387 -998 -156
-899 110 104
-505 810 234
-968 392 -821
971 -681 -60
36 383 -602
546 -444 -349
216 -737 732
781 563 675
-283 7 -265
-189 -94 -109
182 -745 -888
251 741 -21
297 -512 -680
-645 -884 411
443 -748 399
-196 993 340
-426 -925 719
491 572 124
-658 -908 -88
-236 -6 -16
159 -139 728
686 994 -720
-138 -662 -752
-627 -399 -855
648 -161 976
-324 -829 -882
905 -323 217
633 -328 -817
192 573 546
564 -620 489
429 -947 -70
-671 128 875
-947 245 -582
-303 -202 125
790 241 880
-262 -422 340
-650 521 -212
-993 -630 612
-577 855 671
437 265 -805
797 -625 -678
-696 497 475
-546 723 363
961 -160 273
478 671 -210
997 66 -606
469 614 -733
-925 -730 546
-389 459 325
-920 219 -192
171 471 563
-763 -964 -601
-533 303 506
828 -747 -163
-29 -215 -872
-672 99 751
339 310 774
-394 470 -230
-552 -727 908
-789 121 -606
-353 642 -890
616 -978 424
-711 -623 -694
958 748 468
-81 104 178
-147 690 -789
273 -500 233
-284 -584 -267
711 -795 957
-581 627 -722
-106 105 356
777 71 291
948 -142 774
721 466 232
169 813 236
-373 -759 609
-829 -760 -518
609 59 -286
741 914 -153
-297 -252 -543
45 -10 335
-91 830 458
303 165 -605
196 86 169
-730 708 920
552 -459 128
949 -269 71
365 -895 -339
299 -136 211
-521 -976 262
518 508 490
-397 231 -925
-810 412 265
-321 36 144
304 -582 -983
266 -902 749
921 -190 -626
-699 564 449
130 41 -685
24 650 -889
323 847 598
571 679 254
131 837 -108
895 693 8
958 -775 -686
492 -351 724
-170 -784 -71
675 251 100
347 673 287
393 -440 -124
177 -555 -899
-498 -946 632
919 -842 571
932 -908 -7
614 118 -659
336 -995 -922
881 536 383
-948 -452 742
-375 933 -651
60 984 -161
944 386 580
66 -583 -355
-984 -540 -12
-562 -147 -70
483 421 756
996 -703 879
-159 -290 838
946 -876 -897
-133 617 -889
-620 -689 -747
771 -509 441
-978 818 -353
-66 577 -27
-2 997 581
-541 246 695
568 -404 571
745 289 91
-699 -769 946
-277 362 979
-19 44 -468
888 136 -543
725 -98 211
-334 -365 497
550 851 -250
121 97 18
-440 281 -490
161 536 997
-500 794 -111
-78 865 597
282 -735 -653
-701 974 283
748 -739 558
122 450 -604
-42 419 132
-325 5 -426
-833 479 -193
-558 -633 -391
330 -345 -136
-747 -56 -364
148 331 643
524 267 -781
12 844 867
-937 318 -868
208 101 -909
623 492 585
-984 921 156
610 212 -600
-689 296 357
149 484 88
491 -815 -776
824 -990 -289
-486 97 41
653 678 -515
-283 864 907
-379 497 721
592 -780 -495
611 920 526
205 897 -890
979 968 946
-119 865 -422
489 -523 -945
-275 521 -500
-894 212 -294
50 -277 485
-536 -736 812
-971 77 -399
-229 724 802
-681 878 -233
315 -61 -773
873 340 281
-529 -999 -815
-526 825 163
628 -591 918
640 -644 -167
-235 939 609
820 475 571
-683 675 507
931 560 -199
15 -174 629
21 575 -203
-431 267 -665
221 -161 -993
804 58 953
823 225 44
376 252 495
370 -159 597
-628 -518 -504
128 703 44
937 -43 -440
394 189 174
-677 94 -444
-811 830 -612
-870 455 -483
739 783 407
-288 740 867
126 397 903
698 117 190
-686 -252 -1
-325 718 -751
232 92 255
525 754 -281
900 -389 -974
-62 612 71
249 -679 -398
-429 863 353
778 551 597
-602 -927 -592
570 -490 443
355 -29 276
480 965 306
-786 -453 992
363 -879 -82
174 -933 297
503 773 -458
-588 391 -96
-222 -1 360
-840 785 100
408 708 749
597 -849 782
280 140 -927
-384 -474 -52
143 -421 734
479 833 421
-6 619 665
-143 -488 -954
-210 992 981
947 912 -888
543 401 852
-753 561 965
503 967 241
348 344 -445
-959 515 973
577 -67 655
480 -917 628
-748 790 563
-290 638 -830
-322 776 -201
-627 -487 774
627 142 -388
375 -528 473
881 -87 617
-91 329 783
-52 107 -174
171 -435 -325
-540 -196 -72
559 242 811
-70 -615 -573
469 -326 -368
328 -585 115
990 322 -793
-369 -802 -277
64 927 319
-339 -162 791
-826 909 148
775 -85 963
-730 -242 196
468 -804 642
-363 779 -646
-837 259 -423
-952 828 -959
-891 -542 852
425 121 -19
183 237 -360
441 -652 -631
-433 887 -354
406 487 387
-760 455 134
842 94 383
-134 977 353
270 668 -913
900 460 696
-488 -961 -443
170 -652 -505
649 517 384
-807 -354 -513
104 -37 975
-315 213 -873
-773 -161 894
