1000
7
859 -903 977
-833 -617 704
-67 -784 -830
260 -276 -234
-576 225 45
680 886 -450
741 -954 -631
-651 -500 607
573 919 -49
-771 73 -258
-518 329 -641
6 -594 14
469 -657 26
-344 -383 -951
910 -434 50
-953 995 200
965 850 -526
-637 -854 843
764 252 430
187 -786 -189
-569 836 -992
617 -749 -474
405 -968 995
587 -679 154
-586 26 -41
-208 17 -287
-719 677 -604
761 -272 -195
807 -663 815
-319 -951 450
486 -580 829
-640 336 -911
-528 881 -141
958 -429 -232
142 334 383
-7 -586 -842
-843 -991 -397
309 55 -68
-26 29 616
-37 -29 345
500 833 -288
-160 739 -855
911 -736 -319
741 -950 -636
-871 -280 -302
295 66 476
69 814 902
-76 -158 510
-266 17 -5
-959 -326 645
-962 585 -426
165 -220 544
294 -236 373
-571 -494 39
-789 66 -495
595 404 -288
868 -82 -35
-452 867 361
-492 -13 36
-666 -186 -187
-595 475 -112
114 -4 -246
832 34 -505
958 -117 615
-838 661 -244
-765 -657 -508
557 -947 -958
-774 -876 94
-120 -520 716
946 952 -380
991 -900 689
-373 -924 -562
109 -69 60
263 563 968
381 -714 681
172 123 -379
371 896 540
310 53 681
785 -922 105
-173 -25 524
360 106 -851
-862 151 -457
-572 -2 605
656 -81 -519
-852 -64 -588
-990 272 -85
749 1 356
714 274 -542
24 -809 -697
97 376 687
-422 910 -694
-139 -593 458
936 481 -271
575 -958 -125
-930 -294 -427
-515 -470 409
469 -501 -528
-376 -322 -868
816 245 -590
648 465 26
-457 275 -626
-355 985 -838
-848 651 -901
845 -7 726
759 -766 -908
63 22 -482
630 -896 -471
13 362 -817
898 661 316
612 607 566
-755 886 -903
-402 814 446
-817 -890 -992
-679 546 -50
716 -893 456
-621 731 -930
123 -542 -52
194 -612 231
-279 131 940
-362 40 699
-384 -888 344
831 757 672
665 823 -236
896 808 -321
-101 877 732
-521 724 458
-148 741 139
353 -482 862
-991 460 366
574 138 -893
-660 297 248
-910 207 160
-126 843 742
614 -925 518
-719 17 -331
799 -375 115
952 -944 -483
967 -551 970
-196 855 -102
-60 895 -120
430 -886 342
797 -473 553
466 355 -604
-877 916 244
768 -165 611
457 -503 -400
-149 914 515
-816 -133 -865
-412 -476 -699
244 -396 -287
-656 804 -130
-45 456 215
-862 -776 -634
-150 981 898
-163 907 -532
964 466 480
-430 62 955
315 7 -862
-723 247 455
445 765 431
75 228 -634
-427 -361 306
873 -343 125
555 -850 -789
370 90 679
-409 -190 -504
992 -132 -176
-261 221 350
-34 -591 656
561 854 789
-459 -401 -303
857 -361 -887
127 -422 -70
-34 -947 -994
-495 257 -824
-118 -130 -662
158 38 -103
434 -29 -732
594 -279 -690
-694 593 874
-356 351 226
-743 -795 432
507 57 496
379 -897 -142
772 -213 662
-631 722 193
-858 416 -975
73 -873 915
156 617 748
-331 465 -71
89 24 320
-386 -48 445
-652 -489 -253
-849 -905 483
995 -390 -440
671 513 -870
850 12 -910
205 249 287
-557 -232 -802
955 -547 537
-581 -279 829
838 51 -647
-99 552 -546
-748 -972 -898
-505 106 -51
-584 -834 569
772 943 -512
-943 256 704
72 60 899
221 85 710
-622 313 912
695 -325 -703
272 774 433
309 -214 -241
918 231 -465
-51 -35 -901
-840 719 140
1 -395 153
-303 210 -444
-480 -165 494
-335 -783 -973
500 -576 565
-883 -269 882
285 -978 -608
649 771 403
-393 734 432
272 473 -522
919 111 481
747 823 705
188 977 -595
-253 835 -97
-937 -827 -997
-978 -398 566
281 372 962
721 -35 135
-995 -586 -352
-647 -587 77
300 339 258
251 -304 41
871 -357 268
908 478 254
-12 -866 156
-827 -901 -89
55 -727 288
-954 -857 991
138 835 691
840 523 726
-551 -737 -811
-738 87 214
-929 907 -545
912 -766 490
104 -803 -802
149 -635 250
30 -319 940
-615 -704 -920
-666 10 -760
-922 683 693
397 -638 692
496 -723 -771
676 235 -218
63 -443 -777
-788 860 751
872 -323 -94
-736 -813 652
-210 -242 -849
-849 959 222
-801 410 680
-995 487 -871
132 -502 505
528 110 51
-95 -620 -906
-952 -784 -786
125 -479 -934
-50 753 -559
821 -137 403
207 -781 71
-351 880 578
864 703 -989
135 331 4
366 122 -700
367 189 -95
923 948 -71
-427 -340 -214
530 157 929
948 -750 467
-150 811 -895
-914 336 970
-847 -886 -960
506 -621 204
-205 606 344
-309 887 -591
333 134 820
657 -819 76
-569 -296 -643
-277 317 -599
-15 999 -160
-92 824 -355
531 350 633
94 -385 50
-388 194 -805
244 -98 138
-58 9 279
-2 100 265
218 -84 183
-1 2 280
41 -288 -22
-139 -4 -249
-175 -35 228
-116 -101 235
-160 5 252
43 -187 210
-281 -49 52
-66 170 -231
56 -122 255
-181 118 177
297 -23 15
-44 39 -290
73 -280 -66
-25 -3 -292
-18 33 285
167 146 -172
-21 -11 279
-105 199 -191
-191 54 -197
-154 156 187
46 155 251
174 56 -232
-218 41 -186
120 -244 89
139 236 -64
79 -5 -268
-50 -280 -65
-1 -153 236
-245 -80 -148
195 48 -216
6 4 297
109 -186 201
-251 144 43
72 32 270
111 143 238
-92 -99 -257
-47 86 -266
-77 -15 -274
0 225 -172
-13 -145 -256
-134 -157 -212
21 -180 219
-148 18 -240
285 65 -18
54 -239 -158
-5 37 -285
80 -196 202
-129 -193 176
-236 -107 140
-162 226 -104
-224 176 2
201 176 -123
-185 -155 153
-3 0 -284
184 189 138
176 169 144
3 -271 -88
-162 -72 -235
-16 -37 284
-70 -181 213
129 6 252
201 137 144
92 236 -134
-16 -15 -279
-38 115 263
106 244 133
-43 79 270
55 -2 -276
20 -105 -277
-92 -69 274
-139 82 -229
-49 176 -236
24 -226 173
136 152 213
252 149 -62
249 32 -139
0 13 289
-241 135 42
-50 -193 219
-55 -82 281
-285 -37 84
85 197 196
280 -23 103
-103 -95 -243
-60 -214 193
145 -101 -222
262 -108 -57
8 -35 -287
-274 -39 63
-184 215 43
-10 15 -284
91 -86 254
10 -14 282
77 3 -273
67 101 -263
-175 213 -58
1 1 283
55 -178 221
-199 -62 190
-155 -78 -224
-198 0 215
11 0 -286
-158 51 -245
141 112 234
-47 -100 259
214 20 -192
-210 199 69
-64 204 -195
-157 -158 -193
227 132 -124
-253 -44 -114
-151 144 210
85 -57 267
21 45 -287
88 -170 -229
-98 -205 192
105 -118 -245
70 227 -177
-268 41 119
-15 -82 269
-41 24 285
-232 -35 -183
44 -262 131
-75 158 -220
-114 -242 100
-50 178 -215
45 -14 -280
-104 -1 -261
-27 128 267
77 180 -200
45 63 -288
216 -138 115
141 -227 -101
35 175 -217
8 -2 296
50 -156 249
5 93 -279
260 10 -147
-243 16 159
196 -1 204
247 147 23
174 117 -191
-167 140 187
-24 -17 289
50 8 283
-87 133 -232
266 -103 6
193 -224 27
209 -144 -145
198 -217 -40
-198 -177 -97
133 255 -23
-115 237 104
-262 -66 -100
-14 287 -50
142 -137 217
-256 14 -139
246 -55 138
97 -42 -269
-3 -39 -290
78 282 -58
14 293 -39
28 -26 -279
147 155 188
37 73 -275
67 14 -280
159 -175 -165
-13 -19 295
113 112 233
156 -220 79
134 243 51
126 -29 258
-115 -253 29
273 24 -116
80 -138 -252
-140 -242 5
-205 -34 -196
124 244 -69
0 0 -297
-203 -6 206
164 141 -187
1 -72 -281
142 158 198
-6 -61 -285
192 -190 -124
-93 167 -223
78 229 -161
-75 -156 -237
60 -16 -282
8 13 -284
99 143 -228
-60 -24 291
0 275 -64
6 -2 -287
-9 -283 3
77 111 -245
-225 -120 131
-189 -173 -153
19 -129 258
164 -39 -244
-203 203 -31
-86 -21 280
-234 -111 -121
-35 145 257
188 -152 141
109 -100 -246
215 170 67
-6 43 277
167 210 100
107 17 277
180 57 212
-28 249 161
-232 -54 177
-14 -227 -183
175 75 225
65 239 138
-47 171 -221
-17 3 -280
60 -13 -291
19 -52 276
-275 55 11
25 -289 32
260 -68 79
-213 -199 -38
286 -59 -59
178 -2 -224
25 286 -67
46 259 113
290 -362 -866
-106 125 984
332 -841 407
536 515 650
633 356 -659
757 468 451
-535 777 299
-364 -237 -879
707 687 -118
-423 412 802
904 -150 366
-738 0 -658
662 -533 -499
-22 474 871
-442 48 882
120 833 515
-63 -485 -857
-371 -687 613
-818 307 -483
141 -457 859
-733 -272 -615
-30 -17 -988
-842 -429 -279
-499 -140 -831
-784 -419 425
18 174 -981
483 580 632
-11 251 -960
-154 -60 967
-126 136 976
-394 -48 -910
301 -443 830
-398 616 652
-805 -165 558
601 -654 -454
-336 -229 -911
335 864 -325
747 636 183
-214 270 935
430 -67 896
-817 289 486
-60 -4 -987
226 -58 953
102 -923 -330
858 -472 -95
-743 212 609
298 -875 355
142 52 968
185 163 -953
147 890 407
55 505 860
-237 174 945
-581 591 -536
-27 28 979
-126 -583 -788
-340 -938 -43
60 -135 -976
-972 126 -36
421 -19 -886
202 -445 -869
685 -699 -63
-748 -122 631
105 -777 612
970 -8 -152
911 165 -374
-240 582 770
-883 185 -397
331 136 -928
709 -148 678
-567 644 -506
698 -286 -649
375 916 10
390 -506 758
223 -808 542
966 20 243
217 340 -911
-199 177 -951
338 -55 927
416 -757 -495
49 -7 982
-906 -360 136
95 -364 913
45 -799 -565
-184 79 967
-189 11 -970
576 -650 489
-226 -609 754
293 -428 -848
760 310 547
108 155 962
-730 1 -675
442 -322 815
346 -479 -782
-55 -626 774
405 34 893
623 761 48
795 -126 -580
295 134 926
517 -251 -804
-920 94 372
140 -332 -911
572 -195 782
729 491 -467
-259 -283 921
503 -837 199
-90 867 -454
701 366 -582
486 -570 652
-372 370 847
-444 465 -753
288 -188 -932
254 70 -960
266 -962 35
54 -1 997
-397 -297 863
-132 -113 -967
-811 196 540
114 276 -945
70 -52 992
-131 228 956
-100 188 973
-459 727 -485
169 -963 198
-560 -51 -810
102 613 758
637 -1 765
45 178 -970
-816 -451 315
-142 165 -963
-480 -519 -688
-911 162 375
-141 -885 -409
534 101 -832
-191 893 -399
65 -495 -845
635 -322 687
676 162 710
62 -532 -822
884 -231 -365
-345 304 872
924 -257 275
858 413 239
-140 83 967
-670 -379 -621
0 44 996
-865 -426 239
-84 31 -989
197 -966 -31
391 -395 825
-61 -153 968
929 200 -265
295 -914 -221
-659 -703 -246
701 -655 238
-626 729 259
-802 51 561
-613 89 768
-67 19 -992
-451 -660 592
-784 248 537
-86 811 545
134 -846 489
-697 540 433
-336 -742 -567
800 547 155
-559 -1 -812
-687 672 -270
-976 84 86
-565 -102 -799
42 0 -979
-229 174 937
762 627 -12
871 -286 359
692 -424 -575
67 983 26
-898 -177 371
538 -825 -162
98 -58 -990
41 -5 -979
913 -26 361
78 806 579
-533 182 807
3 449 -882
-269 812 477
379 -870 -266
-300 504 795
196 -906 355
-284 -235 -913
351 565 -726
-184 214 -954
-786 -199 -553
143 -433 -877
-388 493 765
769 -513 -364
-229 -255 -925
566 620 508
-443 560 685
-137 193 965
-289 -925 221
-445 -280 -847
204 834 483
-385 -574 697
510 -658 -534
-125 530 -827
25 36 982
-798 538 -211
143 -88 974
136 -330 -918
-6 -205 -966
-981 33 -115
287 -710 623
850 522 47
148 -761 -608
825 -511 -160
-41 13 -987
63 279 951
589 -442 656
346 -360 851
99 7 988
-505 -353 770
-52 102 -977
857 331 -354
846 100 -503
-589 -91 -787
-649 690 -276
1 -30 994
287 163 930
16 -922 357
-20 12 990
386 -914 69
457 692 -556
126 -63 973
923 86 363
-126 437 884
50 218 969
589 146 784
-877 -400 262
284 -28 -952
392 343 847
-65 -42 -994
723 -590 351
834 531 -132
853 467 132
930 -71 -308
453 687 559
980 59 -83
-172 340 915
429 -104 881
13 211 -968
-364 804 -424
391 103 -900
-633 725 246
203 -956 -109
527 -424 716
-127 -107 973
294 -169 -939
-906 -78 -375
-236 10 965
-51 67 -992
-298 212 -927
212 -728 639
234 -871 396
285 -118 -944
324 344 874
-487 -825 -259
736 515 418
-858 133 493
523 -829 -36
994 12 -23
892 -39 -449
-216 74 962
-248 -775 -573
357 -599 -714
876 -307 322
375 -44 -906
3 -120 982
-22 289 -954
-385 872 -228
-198 -80 -957
825 -145 -538
28 -235 -962
-861 479 -38
-35 792 -595
174 -597 764
122 -966 178
-483 -158 838
482 613 605
-24 -606 773
-768 -575 257
-333 215 -900
-288 537 -775
103 -700 681
-689 698 68
-619 -200 752
980 2 -110
397 886 163
526 149 817
-156 -301 927
-843 389 347
-769 634 -30
-355 498 -783
-645 160 -733
222 61 -964
780 458 -377
836 -224 475
293 -198 924
-314 -768 -531
787 -409 -446
-59 -385 901
680 102 -703
-17 -464 884
35 304 -939
670 699 -193
164 -61 969
188 154 -965
-560 680 -448
872 400 -229
-386 -347 -838
674 -167 -696
19 84 991
957 -246 -32
14 107 984
-287 -232 917
-356 911 -188
-572 670 451
-116 445 -885
334 -54 -931
-173 844 -495
959 236 99
-893 -128 -385
-108 -990 -76
183 -437 -867
715 338 -605
830 492 -203
-360 -893 243
-467 372 -778
966 197 33
-225 -949 172
-389 -719 568
77 749 628
-663 -360 628
43 -762 -641
644 -490 565
34 -78 983
901 85 406
-749 -293 584
966 37 -175
-951 -217 134
-702 461 -533
50 -976 -86
-50 86 993
407 -862 -232
-198 -391 -879
283 -138 -938
531 -189 -802
-101 808 -554
502 -703 -500
-739 52 -642
322 68 925
-473 350 -798
294 -649 690
117 -912 -384
-210 -624 728
-622 325 694
112 -874 450
-849 -406 296
-390 -841 342
-757 -500 407
-220 940 203
-34 743 649
-716 -295 599
902 178 361
-60 -693 -711
231 251 -938
-101 50 986
-765 302 560
-693 478 527
154 857 -463
-87 130 -977
57 -990 3
706 573 -407
732 83 672
103 375 913
373 619 -664
-436 -381 793
-792 -564 229
189 449 -854
-528 -839 33
-781 146 597
-594 786 67
-598 704 332
-619 231 -725
697 626 341
-373 782 -488
-230 841 474
-27 -503 -840
233 -294 -920
17 325 -938
-341 -537 -759
194 782 -572
-979 9 123
-401 863 266
-281 -417 -859
-244 669 686
-84 196 -970
734 302 580
884 98 -430
211 -345 -896
-376 -229 880
236 -65 960
627 26 -768
-598 -725 313
-256 -663 -692
-262 -477 818
-827 548 61
276 271 909
210 -266 -923
-186 -134 965
-362 -198 898
600 -776 -75
700 -665 225
894 347 205
46 6 983
402 890 161
-478 -664 -568
-189 -132 -957
504 -783 361
-497 -820 214
-205 -596 771
56 133 980
-346 215 902
580 391 708
157 -979 113
-922 -119 -330
-736 -646 -100
691 -579 -421
901 -425 -65
-18 -146 -984
305 -938 -108
-691 546 -437
-753 592 219
-62 155 985
231 -396 878
70 -698 686
-929 -335 -152
-70 21 -986
-361 840 -402
-343 285 881
-401 -463 780
-323 -899 -271
935 -245 -205
64 109 988
-129 -395 -899
-76 -194 -962
-119 84 -969
366 231 883
-715 -363 -577
-503 537 655
-459 -833 -242
63 127 969
883 -83 426
-53 52 985
-644 -53 -758
70 293 -942
286 107 -932
807 174 549
-616 457 -638
