269
5
715 32 -978
419 313 531
26 244 -207
-582 -672 165
-565 -708 181
771 3 -935
356 403 553
27 234 -191
-606 -724 142
-571 -618 101
659 229 -923
519 337 416
11 237 -208
-609 -698 135
-604 -731 238
682 -129 -972
444 506 463
14 265 -210
-574 -657 101
-538 -720 16
851 134 -875
292 236 643
30 248 -181
-606 -698 182
-588 -608 247
493 129 -999
407 382 769
24 240 -235
-581 -691 114
-628 -802 170
550 32 -788
423 395 697
25 239 -213
-596 -598 175
-488 -750 191
829 28 -762
187 284 478
19 230 -222
-556 -676 224
-434 -691 226
584 125 -933
394 184 443
21 263 -199
-550 -677 107
-545 -677 161
715 -49 -959
456 510 580
40 249 -191
-567 -706 198
-439 -623 181
971 96 -961
425 101 410
22 249 -204
-593 -594 152
-488 -756 153
609 -49 -800
357 369 524
6 234 -209
-596 -649 189
-567 -649 254
909 90 -946
417 457 687
17 266 -208
-570 -638 135
-612 -665 269
908 -39 -966
319 426 572
23 240 -223
-574 -715 144
-500 -694 93
859 115 -890
492 442 605
30 246 -184
-587 -644 123
-562 -607 260
748 97 -885
427 271 786
35 253 -204
-520 -669 179
-517 -795 172
358 12 -985
630 232 526
36 249 -208
-613 -684 110
-599 -680 67
766 303 -950
357 137 507
30 235 -196
-611 -660 149
-579 -835 210
855 246 -967
324 360 600
26 239 -238
-551 -658 187
-417 -739 158
626 62 -914
350 303 646
15 250 -199
-578 -659 176
-601 -561 171
790 -115 -976
362 92 519
3 237 -201
-553 -619 151
-520 -790 237
673 154 -801
482 464 607
17 252 -207
-534 -705 184
-579 -743 232
840 -103 -951
542 322 446
15 229 -215
-535 -667 177
-617 -638 266
745 128 -984
486 435 615
42 235 -202
-593 -728 154
-647 -788 201
764 -147 -958
376 99 516
24 237 -180
-587 -699 162
-586 -757 56
888 -45 -894
381 499 427
31 246 -204
-587 -715 120
-523 -846 183
806 -15 -884
518 268 697
26 249 -227
-601 -631 124
-461 -754 194
799 -56 -981
298 387 673
24 272 -202
-605 -714 193
-558 -689 51
802 -3 -975
573 162 524
30 243 -192
-578 -617 157
-673 -732 173
903 23 -915
547 307 651
37 244 -211
-577 -619 189
-582 -792 188
809 -74 -838
533 250 674
40 229 -212
-586 -729 192
-531 -762 72
783 141 -978
330 445 605
44 243 -219
-555 -641 209
-609 -741 304
608 -65 -960
324 464 471
23 239 -179
-610 -641 154
-607 -796 246
872 229 -995
538 327 485
8 241 -202
-578 -726 181
-422 -719 208
696 273 -1000
594 334 525
36 233 -212
-623 -711 151
-530 -856 178
748 221 -926
515 299 528
31 228 -221
-628 -686 169
-560 -799 194
624 113 -861
530 297 703
37 237 -208
-560 -654 130
-545 -710 172
856 -132 -907
391 454 471
27 231 -190
-588 -733 189
-532 -608 225
839 40 -938
122 300 534
17 239 -198
-582 -642 189
-649 -669 195
694 154 -817
366 287 279
23 218 -209
-576 -594 149
-572 -580 209
598 117 -969
417 273 524
17 238 -197
-616 -644 199
-608 -642 114
739 53 -677
209 269 502
25 268 -197
-581 -687 139
-594 -648 164
963 154 -969
472 406 443
30 260 -198
-643 -667 165
-496 -796 204
780 -119 -922
404 155 519
37 254 -213
-518 -651 167
-611 -598 134
403 88 -962
526 319 661
21 241 -192
-614 -662 210
-682 -757 228
778 -107 -952
467 77 586
3 254 -210
-585 -697 175
-664 -764 141
671 288 -910
413 524 457
26 245 -191
-553 -686 131
-597 -651 84
844 158 -927
284 364 387
41 245 -222
-599 -637 183
-569 -759 298
452 16 -999
414 334 241
29 244 -174
-599 -658 222
-550 -825 176
717 103 -997
591 295 445
24 255 -201
-585 -611 199
-529 -733 29
807 -130 -947
609 405 572
14 248 -207
-567 -703 149
-592 -759 100
756 -220 -943
455 373 538
22 252 -192
-609 -623 160
-546 -769 190
839 -38 -941
415 265 491
32 228 -202
-594 -597 178
-584 -656 320
683 202 -886
182 373 515
26 252 -229
-591 -626 152
