506
9
1000 1000 -1000
1000 -1000 1000
1000 -1000 -1000
-1000 1000 1000
-1000 1000 -1000
-1000 -1000 1000
-1000 -1000 -1000
828 933 876
837 875 898
841 900 932
843 881 911
846 880 892
849 882 910
849 916 892
850 861 885
850 868 881
852 881 929
852 882 898
852 882 915
854 888 925
855 857 896
855 904 846
856 888 877
856 904 899
857 908 916
857 911 911
858 851 877
858 875 906
858 876 910
858 910 934
860 886 915
860 900 841
861 868 894
861 922 906
861 972 889
862 863 841
862 868 898
862 896 879
862 938 935
863 850 899
863 878 943
864 888 931
864 919 944
864 928 887
866 882 879
867 863 868
867 879 911
867 921 923
869 865 917
869 901 892
869 908 854
869 916 885
869 938 913
870 838 907
870 877 887
870 880 895
870 953 918
871 844 878
871 869 873
871 886 907
871 891 897
871 908 894
872 889 901
872 898 905
872 902 901
872 949 902
872 953 875
873 899 873
873 929 888
874 888 871
874 900 871
874 901 872
874 901 899
874 929 879
875 904 898
875 910 873
875 931 875
876 871 853
876 871 903
876 879 898
876 908 856
876 949 899
877 869 912
877 874 863
877 881 860
877 905 963
877 909 924
877 920 923
877 942 882
878 860 900
878 872 897
878 897 854
878 897 963
878 920 865
878 920 903
878 938 890
879 888 900
879 917 908
880 885 914
880 923 903
880 933 909
880 947 914
881 848 892
881 871 917
881 873 946
881 874 859
881 891 881
881 891 902
881 893 861
881 893 877
881 895 917
881 902 888
881 911 899
882 867 904
882 874 844
882 876 917
882 902 889
882 914 916
882 915 925
882 924 937
882 945 927
883 862 860
883 888 911
883 891 912
883 895 876
883 902 914
883 912 931
884 922 881
885 862 879
885 879 913
885 889 907
885 891 887
886 848 919
886 861 872
886 862 933
886 879 926
886 880 864
886 892 912
886 912 874
886 915 916
887 870 880
887 907 882
887 926 893
888 867 902
888 889 943
888 898 923
888 912 884
888 922 963
888 955 917
889 896 896
889 899 881
889 900 879
889 908 917
890 877 920
890 885 908
890 887 936
890 899 904
890 903 913
890 916 868
890 916 902
890 926 867
890 929 900
891 867 934
891 869 859
891 873 880
891 878 905
891 886 957
891 887 945
891 892 893
891 897 939
891 940 949
892 874 876
892 885 874
892 887 906
892 895 896
892 899 901
892 900 900
892 906 892
892 912 899
892 920 882
892 922 913
892 927 920
892 929 897
893 895 890
893 895 898
893 897 945
893 906 905
893 919 897
894 861 887
894 886 896
894 896 872
894 896 925
894 898 897
894 902 880
894 919 901
894 940 911
894 973 876
895 886 917
895 899 878
895 903 906
895 907 911
895 913 916
895 915 917
895 916 919
895 940 930
896 873 932
896 879 930
896 888 920
896 893 890
896 894 870
896 898 911
896 905 917
896 911 903
897 844 888
897 855 876
897 880 900
897 915 909
897 918 848
898 871 902
898 872 882
898 888 871
898 896 926
898 897 920
898 897 929
898 908 897
898 915 918
899 854 871
899 860 939
899 866 889
899 872 914
899 874 885
899 874 906
899 890 899
899 899 913
899 899 942
899 901 921
899 906 877
899 910 869
899 915 887
899 935 920
899 939 933
899 950 910
900 871 901
900 879 906
900 883 912
900 889 887
900 894 862
900 897 889
900 899 859
900 905 888
900 905 924
900 914 891
900 915 906
900 922 942
901 865 891
901 870 890
901 885 912
901 908 953
901 912 950
901 916 888
901 946 879
902 853 959
902 857 884
902 861 935
902 890 923
902 893 916
902 898 905
902 909 845
902 925 913
902 928 907
903 871 869
903 886 917
903 889 978
903 914 924
903 923 888
903 926 926
904 864 912
904 871 936
904 896 875
904 903 916
904 903 928
904 922 880
904 923 889
905 887 922
905 890 872
905 914 887
905 914 930
905 915 892
905 915 904
905 921 913
905 924 887
905 949 842
906 862 854
906 879 891
906 886 915
906 892 852
906 895 920
906 899 892
906 902 896
906 915 897
906 915 927
906 925 902
906 949 921
907 850 901
907 883 916
907 902 941
907 906 879
907 909 868
907 931 899
908 858 911
908 869 878
908 869 937
908 878 877
908 882 944
908 883 864
908 886 870
908 894 895
908 902 870
908 966 871
909 887 943
909 892 904
909 893 916
909 930 859
909 938 891
910 871 889
910 901 877
910 904 946
910 907 934
910 912 887
910 917 915
910 918 889
910 926 926
911 858 822
911 870 915
911 878 910
911 879 891
911 881 873
911 910 885
911 929 882
912 884 915
912 886 936
912 888 953
912 889 915
912 893 885
913 901 887
913 908 899
913 921 890
914 856 872
914 857 937
914 868 899
914 885 922
914 895 947
914 897 909
914 905 941
914 907 880
914 913 895
914 914 937
914 916 900
915 873 905
915 887 900
915 899 921
915 931 904
916 851 893
916 879 916
916 886 909
916 887 876
916 887 877
916 892 934
916 897 906
916 912 882
916 913 893
916 920 936
916 924 887
916 930 928
916 937 899
917 874 911
917 876 928
917 890 879
917 890 930
917 899 916
917 900 926
917 903 904
917 905 950
917 923 861
917 937 898
917 941 891
918 853 900
918 898 874
918 907 910
918 947 925
919 898 894
919 904 912
919 917 912
919 920 884
919 944 930
920 858 851
920 887 909
920 890 859
920 922 880
920 934 874
920 938 881
921 838 885
921 891 900
921 896 928
921 899 912
921 908 884
921 910 857
922 861 941
922 904 937
922 908 861
922 916 903
922 948 904
923 877 907
923 892 840
923 898 873
923 920 899
923 924 874
923 926 936
923 927 956
923 941 908
924 877 904
924 889 907
924 894 882
925 857 901
925 898 898
925 907 891
925 923 875
925 932 909
926 877 918
926 896 918
926 898 915
926 904 930
927 859 911
928 858 853
928 875 901
928 883 877
928 895 867
928 912 916
928 920 890
928 933 854
929 883 926
929 892 914
929 895 871
929 906 889
929 910 855
930 906 886
930 909 864
930 914 919
930 916 919
930 930 913
931 884 899
931 926 894
932 857 877
932 868 892
932 920 879
933 877 865
933 917 922
933 944 930
934 910 899
935 888 886
936 898 911
937 933 911
938 871 828
938 886 884
938 908 839
939 888 916
939 951 920
940 922 890
941 861 849
941 870 899
941 880 870
941 891 915
941 903 911
941 905 923
942 853 892
942 878 906
942 887 925
943 955 881
944 898 876
944 913 927
945 930 938
946 872 932
946 890 910
948 878 914
948 914 904
948 922 928
948 926 924
949 900 908
949 902 906
949 946 895
950 909 925
951 862 904
951 873 897
951 906 865
951 925 877
952 910 920
954 918 882
956 903 871
957 878 897
959 917 858
960 917 934
961 891 850
962 900 911
963 912 864
967 913 923
968 940 921
