777
12
268 459 -381
37 -230 272
293 -15 26
-23 222 8
-296 461 -338
-310 475 -336
-402 105 322
-358 154 325
214 -204 18
-284 442 -315
327 413 -407
-312 302 -393
215 -228 -45
-153 -81 236
-126 -90 225
266 3 81
-401 199 385
243 -229 -69
-116 -75 177
-21 237 -33
259 -228 -48
244 -210 3
-350 131 337
86 -232 249
-131 -165 155
-244 289 -415
214 -285 17
304 -414 439
310 442 -379
232 -224 -25
-43 -36 52
84 -247 283
-112 -110 167
279 -245 -9
-30 -42 38
-354 128 339
-30 212 -35
288 -260 -11
-96 -57 291
-253 324 -407
-83 -88 184
-133 -75 290
-115 -122 161
-292 452 -309
-136 -44 235
-54 -24 51
-228 344 -408
71 -263 256
-350 142 334
-83 -24 55
257 -232 -13
-327 479 -354
-65 -167 190
-91 -57 288
-312 431 -298
270 411 -403
-147 -17 238
-290 445 -323
-285 467 -318
-102 230 -24
263 -432 419
62 -290 256
-57 211 -37
-78 -138 184
295 424 -398
-81 -68 24
299 -41 25
39 -247 232
271 -446 428
266 -416 439
-3 -98 74
264 -442 449
-116 -99 267
-317 444 -310
-145 -83 231
-230 316 -401
122 -273 279
-236 318 -403
273 -427 433
282 -416 449
-115 -81 224
313 416 -445
-17 237 14
305 414 -404
343 477 -385
298 -436 421
-63 -46 60
-112 -140 190
281 414 -404
-320 154 314
93 -220 318
-254 316 -425
-156 -108 197
-344 120 317
274 -423 417
239 -243 -58
-77 240 -34
294 432 -382
-37 -12 85
304 412 -399
-44 201 -4
271 13 58
-257 327 -388
236 -294 -45
247 -429 464
56 -266 279
322 -434 482
-269 284 -471
37 -223 252
-9 212 -44
-261 321 -382
79 -227 236
-353 150 318
286 -451 474
-283 356 -412
292 19 88
-303 442 -360
304 -202 24
71 -256 272
270 -442 427
-40 -53 24
298 0 106
-344 144 318
-284 456 -318
-50 -76 53
-127 -71 201
-325 123 347
-17 -23 16
274 440 -411
90 -253 243
292 -439 452
-30 234 23
-341 178 327
-293 278 -470
-246 330 -418
307 448 -369
-361 472 -342
70 -249 232
-37 284 -26
271 -453 455
-73 232 -34
-37 198 -32
278 450 -394
251 -461 421
-86 -19 223
-267 306 -400
-108 -26 233
273 -460 445
-127 -39 236
-240 306 -393
259 -235 -22
-393 149 352
-70 -73 7
-115 -93 165
333 -2 91
-261 287 -390
-50 246 4
-96 211 -47
278 481 -375
-318 479 -344
-243 315 -420
222 -205 20
296 -436 415
-49 -75 3
-329 457 -334
-330 119 341
-48 219 -14
-152 -106 248
310 430 -400
326 -28 90
-114 -45 211
-117 -136 193
271 -241 -16
-320 478 -309
247 -223 -30
-328 470 -347
-349 155 316
127 -294 251
-86 262 -45
-74 -52 5
-291 440 -310
-82 -117 175
261 -455 464
268 419 -383
274 433 -402
-58 201 20
-335 127 307
78 -238 242
-296 434 -321
217 -244 -9
-148 -42 213
277 30 41
314 -9 58
-308 280 -386
-293 473 -300
285 -458 425
-222 356 -386
-136 -92 174
-134 -63 240
-80 -19 47
272 7 42
-113 -44 273
281 425 -368
269 -241 8
67 -227 243
-67 269 -48
-292 443 -306
226 -256 -36
-299 456 -335
114 -259 238
268 422 -388
-18 220 -65
295 430 -365
-149 -62 231
333 -24 90
322 -445 460
311 -424 416
-31 204 -27
79 -265 325
-42 -87 64
-305 452 -312
292 419 -391
347 449 -364
6 -53 -3
-125 -87 196
-230 319 -417
-143 -89 212
-124 -122 174
-18 -88 70
-268 281 -399
281 438 -399
-113 -102 157
-287 305 -392
-23 -59 34
-146 -102 203
-21 229 -46
-308 474 -312
256 -209 7
-319 460 -322
258 -212 -18
-407 190 307
-66 244 8
-356 161 319
293 -427 439
-51 -21 13
-280 472 -304
283 27 22
-33 -95 65
-103 225 -17
271 443 -380
55 -261 245
214 -216 -13
265 450 -379
274 419 -409
46 -234 251
273 418 -374
-155 -39 202
-244 372 -412
263 -417 461
69 -302 242
-250 313 -429
285 413 -364
-21 -11 49
-340 177 322
290 -424 426
-150 -86 258
49 -229 242
-228 285 -396
-350 175 353
288 440 -381
-321 468 -377
-155 -154 197
-76 -25 81
291 441 -412
-335 183 312
268 -434 415
-59 219 6
-241 375 -397
-357 177 332
-277 281 -423
-94 -92 174
252 -435 441
48 -247 308
-131 -77 236
-308 292 -404
269 -450 444
327 -22 54
-241 283 -399
292 426 -384
-107 207 -35
-138 -127 159
98 -255 245
-160 -106 246
294 442 -374
-130 -118 175
-134 -122 246
-244 364 -394
123 -227 240
-102 -101 218
347 16 39
-140 -164 152
-272 278 -421
-287 456 -320
334 -421 441
-7 -101 -8
74 -215 254
-264 323 -432
-159 -142 174
96 -273 259
307 -212 -23
344 8 103
289 -54 73
-255 316 -399
-99 -94 191
-71 -88 173
-128 -101 225
226 -264 -6
-126 -76 208
234 -238 -50
-90 -74 157
342 9 27
-85 -29 32
283 5 118
-345 445 -325
281 421 -379
-53 -20 29
344 481 -394
-243 314 -388
-327 442 -306
-337 129 336
286 -44 55
-47 -18 77
-145 -50 193
280 -428 434
-295 343 -417
7 -55 64
-63 211 22
-360 110 350
-282 307 -428
291 451 -393
-149 -150 200
-126 -14 210
79 -257 244
-309 359 -428
-28 244 -19
256 -217 -58
343 -36 97
215 -246 -69
56 -217 253
-378 113 312
109 -244 244
217 -234 -20
113 -239 253
-53 -104 46
312 -7 76
-302 310 -403
-255 302 -413
265 -451 423
-243 317 -424
285 -443 416
-80 -78 220
120 -234 311
-239 288 -388
300 411 -384
-287 455 -333
-294 440 -343
309 436 -410
-107 259 -55
-317 465 -365
-67 -104 37
-314 150 356
-137 -28 286
-23 -97 60
-155 -81 198
-45 241 -48
-248 299 -382
266 403 -462
-49 -75 -4
-123 -48 230
-74 -134 170
71 -218 240
-99 -12 224
81 -221 259
78 -273 268
282 -442 448
234 -206 -24
348 406 -396
-175 -24 231
-92 221 -33
-288 291 -431
-328 480 -373
260 -453 450
-144 -102 230
-55 208 5
267 -438 420
-362 151 342
273 -441 459
103 -220 280
-88 -93 228
-343 130 319
-71 -151 155
-340 112 369
274 439 -377
291 -435 462
275 -27 101
255 -269 5
-309 434 -308
214 -239 -39
262 418 -379
-120 -59 251
-20 -26 20
-310 434 -313
59 -262 245
-230 300 -417
-314 475 -339
338 422 -402
292 -430 425
-287 327 -421
53 -299 317
-313 454 -338
-55 207 12
310 -454 430
-127 -59 251
315 -50 63
-78 -112 181
267 413 -420
116 -253 266
254 -221 -48
88 -233 268
-235 298 -403
-361 150 350
252 -235 -37
256 -204 -39
359 442 -404
241 -237 -18
44 -264 246
-247 316 -417
-86 -68 209
282 -439 461
327 476 -389
-327 475 -340
-33 257 12
-228 294 -392
-317 106 350
-127 -15 209
267 -432 445
-321 158 339
235 -200 -57
-75 206 -58
-87 -43 207
3 -35 57
-77 207 25
-105 236 -12
-396 185 316
-7 -95 -6
-392 137 388
293 433 -370
-310 287 -453
-296 454 -368
-286 459 -322
-305 468 -327
-97 -158 184
299 28 29
268 -433 443
302 425 -376
214 -277 -10
280 22 99
-319 127 307
-103 -70 227
274 -37 101
294 30 31
299 26 29
-349 203 348
79 -262 235
-38 -15 55
-286 462 -327
-356 200 316
266 417 -405
297 -22 76
5 -45 1
-289 349 -426
-360 109 351
-404 158 348
-80 -29 77
274 -207 -63
213 -266 2
-137 -20 259
285 -40 26
212 -200 -10
312 -9 104
-51 202 23
-26 -98 40
-252 327 -410
-38 -106 23
74 -217 245
45 -229 260
-26 -100 61
294 -282 -52
270 -426 417
226 -243 -4
-314 136 387
-118 -87 227
246 -228 18
96 -220 253
232 -236 -42
-18 208 20
-68 -161 153
-304 450 -313
-362 177 335
-60 -38 79
-113 -51 231
-71 -166 157
-101 -83 240
325 412 -412
-99 -58 219
94 -244 232
283 -33 55
-369 435 -339
334 43 53
-23 212 -20
-121 -30 262
-117 -148 163
-356 132 334
-60 268 23
287 -22 99
-87 211 -13
306 42 66
-45 -52 14
-232 278 -409
-320 454 -310
288 426 -435
94 -262 253
-81 -96 249
-35 288 -16
-367 450 -341
-350 175 324
-47 -34 24
-30 -36 10
-308 476 -310
266 -5 69
99 -229 270
-89 -96 190
307 1 82
-324 457 -324
275 -447 463
269 423 -392
-49 198 -50
-355 172 353
-305 473 -338
-320 154 351
-294 435 -306
344 -27 62
126 -225 267
300 425 -391
-224 312 -380
86 -225 266
-299 480 -311
285 440 -382
278 -436 423
-263 287 -406
264 -437 463
-112 -76 167
288 -11 38
-336 154 355
-113 -105 200
237 -232 -35
-65 -60 42
278 -14 90
-101 -97 207
-21 -24 56
-335 194 392
-50 200 1
-103 -98 161
-28 226 -46
-83 -104 80
334 422 -411
-75 -151 224
275 32 24
278 417 -375
-81 -74 20
278 32 104
310 408 -392
-296 440 -324
212 -232 -27
-83 -100 46
282 -30 85
89 -240 244
289 14 28
-104 -167 170
293 -419 438
-329 167 340
-315 164 327
-234 375 -406
-104 232 13
-8 -43 0
272 430 -399
-287 323 -421
54 -230 259
287 -51 64
-85 243 24
69 -230 232
-146 -103 206
-345 456 -318
-113 -115 199
-91 229 -39
-301 470 -359
-230 357 -440
-97 -164 169
-242 303 -411
250 -455 462
4 -106 34
-20 -16 45
265 407 -396
229 -202 2
305 -438 439
300 8 32
313 -29 71
-81 -17 21
278 407 -434
-359 161 399
-380 153 322
301 26 53
340 442 -381
-250 302 -401
-75 -80 229
-344 150 321
-343 137 344
-49 -57 9
48 -216 273
312 -23 61
271 430 -405
-166 -106 239
-133 -32 208
270 -420 459
-281 305 -417
-350 144 346
280 21 50
-300 461 -302
244 -207 -54
-112 -65 242
6 -47 82
333 41 58
-54 243 -73
-62 223 -4
-354 147 311
-342 461 -331
-345 117 335
302 427 -398
-170 -16 239
327 -451 420
-157 -101 173
-76 -31 -1
-382 163 317
-326 436 -367
-297 468 -324
-352 128 318
-336 109 346
309 416 -382
-33 241 -67
-287 434 -339
97 -221 262
-83 196 -45
266 432 -419
-240 301 -405
-289 441 -332
-341 139 322
230 -243 -33
-309 478 -321
109 -259 265
87 -230 252
304 33 70
286 465 -406
6 -36 69
353 443 -409
250 -240 -17
-159 -38 235
254 -200 -71
72 -269 249
266 -428 446
287 -460 452
-146 -28 211
-333 105 398
-335 131 312
244 -203 9
-151 -10 195
272 447 -400
269 -54 43
-12 198 -46
272 -434 455
-127 -147 157
-264 371 -403
-232 308 -418
248 -470 441
277 43 61
-108 -94 256
304 -239 -23
-221 282 -382
-163 -73 242
249 -209 6
99 -309 237
221 -222 -30
273 -17 98
-160 -96 198
-83 225 -23
-342 145 350
-328 443 -327
-316 480 -311
-79 -22 234
-94 -46 244
288 442 -403
-352 195 328
-230 305 -388
-248 313 -422
-292 451 -302
-267 289 -420
217 -236 0
271 -454 455
288 404 -407
-301 473 -347
-321 467 -300
-18 -20 8
283 -241 -13
-2 -33 25
-318 278 -409
-376 498 -334
2 -41 2
-318 457 -327
-74 -75 247
305 407 -399
-134 -12 207
8 -15 83
-87 -76 197
-77 -87 54
-76 -142 181
-285 304 -428
-369 121 353
230 -244 -72
-53 -12 14
-327 449 -303
273 -6 27
259 -216 26
-8 -93 41
-37 215 2
336 -45 82
-87 -40 16
248 -268 15
-319 462 -339
-342 141 405
325 -417 452
-108 -154 177
11 -21 1
286 -15 69
297 35 62
-331 178 371
292 -265 -42
-324 465 -330
-50 -75 70
-127 -50 201
-371 154 336
239 -295 -30
292 -418 437
-288 458 -335
-57 -76 8
-159 -172 174
305 -53 86
297 -212 -35
292 -47 48
311 20 73
-95 -90 167
268 434 -378
-42 230 -13
-389 114 344
-239 280 -401
-80 -86 288
-281 437 -351
-343 122 336
-318 105 330
