1000
3
591 477 -316
-874 626 -150
-842 -566 -34
723 251 236
826 -51 610
-511 -334 769
-128 -450 506
-166 -688 712
-230 -53 354
161 870 315
-67 900 192
-639 -151 -192
528 20 -853
-452 449 -184
-566 826 30
-391 817 300
-771 299 -899
622 78 -47
393 154 636
872 812 402
12 227 503
876 -524 -819
-371 86 25
-251 -774 662
507 -70 -45
307 -284 -813
-468 676 -428
675 5 485
41 -479 719
591 -645 -562
-195 -292 -216
-367 -773 196
-119 -617 -453
-362 180 279
467 -223 -179
-720 85 -770
-289 -754 -824
17 519 337
-881 -774 -278
-19 703 785
241 732 -889
512 -731 393
640 -89 391
155 -669 -412
-683 146 -302
-123 22 -784
717 127 -297
214 -570 -359
-487 -10 803
178 470 54
292 -153 113
-27 -763 274
-385 -306 169
-215 756 716
-780 847 287
-793 847 698
-161 -299 -617
292 -71 -634
-85 -518 151
833 663 -899
-690 754 -480
-477 -504 -722
408 849 43
400 -97 539
545 -490 150
-494 -285 353
259 -125 841
-456 -707 553
-88 -596 -747
-547 136 848
-576 368 384
-329 359 172
-664 -122 -401
-715 -238 833
-891 518 136
-296 -182 -109
778 248 890
488 -184 774
420 -653 -484
-480 617 384
50 784 848
-706 -61 -882
-808 -275 523
131 38 845
898 348 -117
106 -143 222
-540 549 314
407 397 -667
-653 791 -233
237 -749 -503
-575 678 6
870 81 624
-638 394 240
821 383 431
292 98 -368
-18 42 124
-430 76 741
-283 300 -49
649 -223 774
-853 -270 -680
595 369 -49
-12 224 -812
-893 370 657
-447 747 -838
450 362 -265
-401 -151 665
-558 865 -470
-439 158 -159
-856 572 -452
332 453 -469
-185 169 -669
-551 -18 -446
817 213 702
42 801 565
28 451 541
37 435 103
-515 873 870
322 35 463
-889 149 -491
-18 367 -853
-475 -799 575
388 609 -333
-343 610 -67
-290 -232 -447
68 75 -54
818 -321 834
385 -194 292
-249 109 -439
-127 -800 203
-366 -375 864
108 -668 63
-813 -436 407
57 793 -837
-797 566 29
61 854 -356
103 -10 574
-86 388 -490
32 -287 -782
47 -32 -641
30 165 -196
-647 455 176
-556 -644 -425
474 129 446
484 262 -634
-18 -756 -899
655 -672 -286
-126 442 -139
-183 -167 218
729 -86 -215
-17 -873 49
407 -48 -123
105 -720 -657
-22 -235 -15
-617 -862 707
584 -318 -432
-328 -160 532
8 84 -481
-431 -163 -494
-569 -898 -789
34 399 447
814 -98 -556
-586 797 -894
253 325 -181
-271 -115 208
-705 -803 453
-240 -522 413
-798 256 -522
-449 251 176
446 343 -862
396 -698 356
508 772 386
195 418 164
321 790 573
-447 733 538
-705 134 513
-565 222 243
-285 390 -752
-620 338 779
-841 -573 11
-411 -549 -327
-542 -583 -90
671 381 -661
672 278 729
-703 -627 -709
500 295 609
335 -482 644
692 681 520
251 715 -92
41 252 -142
-825 -335 361
-71 865 110
-446 -24 -529
476 487 -457
-195 383 252
-62 667 -578
-273 -343 504
517 -545 -502
117 136 -695
235 371 278
198 185 -21
623 334 90
249 868 -257
106 -320 218
727 -774 814
387 541 -41
804 223 -374
542 -512 748
-227 -540 672
216 -317 703
-491 -70 755
-563 -590 -784
-486 390 -122
118 423 266
309 442 261
-169 190 70
-19 390 190
351 -258 53
101 -513 -28
-760 -162 -817
-436 -380 670
-27 -374 -446
771 400 -741
156 866 417
507 608 -728
86 24 808
221 -851 517
234 -335 -333
-638 219 69
-760 432 -108
683 674 -410
-260 79 51
487 407 -77
771 -615 388
-462 -595 -717
29 104 65
461 -332 733
-573 -640 118
-93 -52 -892
851 801 460
169 -562 -543
5 -275 -749
174 -411 222
228 334 592
821 -619 19
251 -19 348
-320 -59 565
424 876 -171
404 398 -685
-637 599 424
-187 337 -528
-362 401 -473
-300 -320 877
-309 -232 598
310 -382 309
-809 697 361
788 -464 304
668 -701 63
-872 183 80
639 785 149
714 -234 -45
-775 499 -732
831 -146 487
466 23 -218
871 741 -7
408 -94 -154
-304 361 485
332 509 -459
-839 -3 343
-145 -376 293
-412 248 713
-301 133 -26
552 -182 318
799 -476 469
-692 176 -577
559 -352 -484
-136 -891 -644
451 576 526
595 761 -744
-26 -317 -426
175 651 -857
578 650 239
493 785 -373
-506 -217 210
192 472 771
297 -299 797
-866 332 -264
-825 -803 -735
786 -637 -714
673 772 334
457 -176 -243
-311 890 748
448 -168 -50
-689 -4 219
-797 -495 600
-474 900 -746
334 330 -208
-629 240 -86
701 135 -196
573 -138 -659
-862 -515 74
93 683 -514
240 639 -786
527 144 76
426 -14 367
184 648 -330
-690 197 210
-541 737 -782
578 729 -115
424 825 -806
-863 -548 -818
581 -611 124
627 498 603
393 -612 -12
-54 -109 146
-604 -715 -719
828 -52 -807
-883 537 -196
172 -31 48
711 -679 376
-703 113 -851
12 -499 -568
-472 -458 -531
-441 -195 -563
-545 -319 -644
899 699 -528
79 -718 -220
269 -270 724
408 306 470
-613 -648 719
-643 575 136
-585 214 -295
142 508 342
-611 -808 605
175 -341 -462
-430 -728 268
-403 -128 -489
-691 417 616
650 -562 -726
-769 -241 -305
-316 320 536
494 -796 -330
-714 860 -92
-821 70 -212
252 14 -456
553 124 -823
632 200 -29
-35 -550 46
18 325 709
414 741 -631
-606 420 312
-42 6 -577
-61 90 -77
494 -732 -753
-553 164 -303
-721 -295 165
624 -324 619
673 291 391
-740 -332 205
-205 -456 -646
-399 699 748
112 12 -619
601 -890 -693
729 -526 -671
-728 -166 790
302 -503 -115
-111 806 -762
-204 328 841
391 674 -889
-624 227 -401
135 -512 152
789 -240 -217
340 247 -384
-492 608 590
-78 77 178
-408 -43 360
-188 764 -263
221 739 374
-535 337 -10
215 -441 848
735 724 -666
-649 95 118
753 433 -724
189 823 -309
771 -528 688
632 832 -750
689 511 35
-225 -165 -421
570 140 553
793 275 843
181 62 382
338 -104 823
76 733 881
674 614 -654
-328 -209 276
-711 -782 333
-658 -664 -575
-174 -48 -634
648 593 450
-334 280 -443
-272 788 -607
-237 444 270
-272 -51 -795
-881 -160 -667
-351 382 -33
-329 -27 91
-139 -489 544
813 -226 798
877 27 476
579 135 -652
459 -842 -900
426 809 -403
-552 435 -773
803 69 -601
-82 -372 -709
-897 -276 798
-351 820 865
-596 -868 -71
-636 -556 -758
-714 179 783
880 -271 -3
-681 -366 423
-770 389 -144
-217 -531 -833
823 -477 21
-737 -178 -377
153 -872 -399
87 199 -88
505 -623 -394
-889 -412 206
419 -659 -817
56 268 607
614 -620 -674
-368 456 -8
481 310 -705
53 583 -19
263 658 393
-358 -699 -770
-631 -825 567
455 -780 -327
243 -755 -728
873 77 77
210 774 -327
-79 783 -739
240 557 505
756 -208 661
19 42 -769
-157 243 202
-142 895 78
70 757 -509
-560 603 -56
-661 545 745
53 103 -596
355 -848 416
648 502 451
315 -248 294
-337 860 562
-609 -562 213
782 84 -567
783 -766 222
-330 -807 632
-485 785 810
-267 738 805
-151 363 -874
-500 -692 -443
546 -139 -704
356 -876 469
86 -20 511
65 -39 656
104 -87 -840
745 387 -81
-98 -675 453
-397 654 -131
-835 -252 34
-23 302 -307
-768 645 -895
-474 406 430
317 -824 448
-189 -702 6
-387 -470 614
374 422 443
331 381 123
-239 793 825
-727 325 201
529 -282 699
-230 814 399
840 204 -754
-677 49 79
-430 225 -50
86 457 -775
258 309 157
244 875 -559
-128 178 -731
12 178 534
82 448 526
869 -176 -704
890 504 -310
-212 442 -641
162 -703 -492
-488 820 -609
-43 -582 -15
-112 -392 -625
-249 111 254
277 -326 314
-268 -115 790
500 581 -787
428 475 -276
-508 -469 -440
870 169 -490
-128 806 -478
-594 -189 -443
506 -743 -797
-835 240 617
-257 -732 -791
-751 619 75
-546 -177 616
-695 850 683
249 -144 831
-43 -37 -613
-807 234 747
194 462 630
84 -377 -151
534 558 -843
872 -601 898
336 842 530
832 626 151
418 -317 278
-476 -508 407
99 -536 320
419 -226 758
702 -671 669
-373 561 -184
-50 -349 476
228 -338 626
171 250 703
853 -389 -72
406 354 -663
-87 489 490
490 -522 531
-338 -83 531
58 -164 399
-275 109 -820
-45 -900 -136
-504 576 -688
579 449 586
814 793 892
-23 217 83
-772 -209 449
57 -81 -827
-144 -28 -632
44 -582 -686
713 -532 832
605 -659 130
-444 218 531
680 386 -541
694 -511 10
528 451 753
313 238 -265
490 -537 -610
-67 -469 713
-394 407 298
-819 57 -427
-721 -653 -81
-667 553 778
-459 -57 -514
-105 -810 239
-546 -613 -24
349 176 -378
-179 202 326
-303 -785 798
866 -68 95
846 -308 818
-684 346 -245
-461 -699 -740
-817 590 392
492 -12 -380
-798 245 -391
727 -148 374
821 470 270
-701 -23 -493
565 555 706
602 823 -170
-163 792 -322
341 291 -578
543 -624 444
620 -170 625
766 -787 757
-541 722 -233
-395 -545 321
758 190 242
-71 692 50
264 -405 442
-192 800 857
-42 453 -643
560 -634 844
338 -115 -608
-621 765 -517
-453 -325 729
-101 -775 -341
718 -142 -522
-401 41 184
-83 -177 615
-57 -292 -77
-572 800 -10
-464 -752 -539
-58 188 152
702 -83 895
-371 -645 425
-651 641 661
-20 790 42
-520 -344 408
-628 -607 -347
-54 -680 -513
-124 24 -521
656 414 552
-405 -322 -300
599 -697 633
-162 -446 -653
-678 -477 618
-443 339 134
179 -26 827
466 -8 -307
163 796 -25
-278 810 -613
-572 -170 -519
-588 520 401
438 166 -100
-893 -547 -288
567 437 388
98 -267 742
-761 632 753
521 -301 810
-273 709 -391
-47 894 47
627 97 -124
138 -287 32
183 -187 686
657 -421 640
282 -140 -551
-350 -593 -437
764 189 -152
-531 -796 582
-186 181 116
457 -745 -214
773 -825 257
-467 -67 -503
-556 -656 -272
184 188 -866
819 346 -703
554 -521 -196
-160 732 269
243 -487 -806
-281 43 14
-285 643 595
897 260 -889
-701 858 450
1 68 -256
-59 -384 -729
603 708 694
-662 346 -558
-819 596 -210
508 505 -572
-632 37 -804
-227 -79 489
-338 635 -355
-621 -882 -772
-424 -156 -438
860 -518 888
-302 -286 765
513 862 -142
-189 -326 485
-297 7 -443
-810 -399 350
599 206 507
446 -551 -794
-369 -122 818
519 324 229
-280 -863 -772
-616 825 -281
-348 226 383
-699 108 -576
80 323 -161
-612 -677 748
-59 -233 -407
127 -804 251
203 -783 -77
-402 -212 351
435 -276 344
-552 -294 -837
-129 -504 565
-14 838 -111
278 -624 -523
217 484 755
-163 -359 -617
659 -791 -405
-435 192 316
242 70 600
-503 -709 -97
-40 -482 -646
-438 888 -370
-835 860 -310
693 -121 217
-850 247 -421
460 680 -486
-876 -598 864
246 -132 736
245 13 -637
-394 -446 332
-618 -630 -27
209 357 717
-192 -669 -229
-289 -742 112
843 883 11
271 -476 -495
-701 -426 -155
-460 514 897
463 -208 -132
472 -237 510
367 -499 149
440 413 -431
-526 292 333
-262 -501 -607
-261 454 41
-127 -318 -110
-146 40 -784
-425 508 83
-339 818 652
-404 370 173
162 116 -803
720 -704 135
-860 840 -824
-880 -813 674
355 592 258
842 780 717
387 567 -261
2 -410 -219
-408 -804 453
-251 672 -445
164 -262 2
52 862 203
78 -15 204
306 851 466
644 -511 784
275 -708 -541
-758 824 534
-426 407 352
656 194 -719
-620 -553 870
696 -432 191
-503 -716 -790
-111 507 190
-672 -256 62
398 -392 812
711 -718 -716
-766 -463 262
-280 -732 772
742 -766 -641
597 49 165
64 707 -309
-329 772 -585
-449 -816 604
129 382 -314
-481 -249 -438
-413 -200 -866
758 -389 -455
-677 793 -81
520 -212 -297
-676 -834 -503
748 -174 304
-218 891 -887
175 732 773
-234 218 -319
309 869 95
900 -292 839
-473 -771 727
-129 -269 -182
6 222 -444
584 -468 329
-623 -117 676
610 354 -607
-688 -816 439
-186 159 -821
467 219 509
248 434 519
602 -6 -91
558 689 -25
-392 277 145
-252 362 742
47 -548 681
575 -552 -553
-47 -480 -895
-606 -866 -383
-733 -788 -450
486 -507 -15
-643 -586 47
665 -599 39
-512 -486 -709
-567 265 -563
719 -417 690
581 857 192
-244 -449 -590
478 755 -325
-114 582 121
224 444 473
-14 833 279
-215 -314 -682
5 -695 -410
879 350 512
608 -634 -76
826 49 789
406 113 -101
-403 545 34
400 -106 -333
634 728 -287
-168 -436 -5
-272 444 76
-213 -243 -226
4 -65 -521
775 -877 641
-489 580 -311
-178 -885 44
-143 461 -190
343 -578 891
462 -622 -87
-728 -7 -484
-763 -306 -520
34 -404 -185
-777 -508 -455
364 -758 268
81 715 490
222 -264 96
449 -692 386
6 53 277
895 712 149
565 537 -815
591 795 -775
-852 84 54
145 77 -594
611 -670 -86
-674 533 178
-141 588 492
455 189 12
67 658 -714
38 -579 542
-731 295 350
-661 510 127
597 -881 -328
646 -378 30
582 438 136
812 876 -163
255 134 -681
198 596 -369
560 210 -672
168 -579 -407
-420 468 -193
666 -465 -831
-404 275 454
-809 193 151
-865 669 161
-221 674 -783
112 -182 134
497 -722 -480
338 105 308
-299 -888 -635
203 -30 186
108 758 361
-323 -57 818
472 181 -84
104 806 773
-47 326 339
-874 644 -792
210 343 -171
528 314 338
-593 693 -38
471 543 -297
423 80 890
572 899 523
-611 -542 -43
-840 -2 519
-435 592 362
753 -359 -381
-873 -863 -136
232 -696 -24
619 -407 -110
207 -62 -70
-541 521 -69
-344 -715 100
-127 617 313
95 278 -756
-521 -8 844
893 -753 82
97 -508 592
-149 -675 -262
261 722 671
-726 -358 -301
780 690 820
-229 -525 715
-276 -460 -315
349 -140 762
275 499 195
-756 -31 -691
-218 882 31
408 -258 -186
263 -535 -245
-97 534 -651
300 -183 223
-141 -635 548
785 311 -318
-894 -470 -282
-469 103 25
-22 -429 -222
749 848 591
-711 344 794
54 705 -350
-743 484 -196
-198 -467 -115
71 -763 131
-211 55 -106
170 608 -162
-629 670 -3
308 96 538
710 -265 -366
-627 353 298
-356 -316 -568
-541 883 -551
555 -76 785
573 -313 286
-408 -592 -377
479 494 -621
64 -837 858
-355 28 400
-316 -167 374
438 -350 891
284 857 -285
849 -401 636
-878 -637 275
-124 619 -227
6 461 -369
766 -19 652
-449 -130 736
-150 338 216
-13 -240 147
-501 -356 361
591 -384 -250
-39 -850 482
327 813 286
524 200 443
347 -279 -294
-742 455 865
-313 164 -635
-221 782 777
523 873 67
-315 668 -759
-142 -742 864
398 -512 -33
546 -88 509
-791 282 17
380 -242 -580
-799 675 118
-827 806 380
-278 -457 -293
448 -136 469
389 154 -392
453 251 -102
263 -603 812
-263 -794 812
487 654 -7
-411 -105 -257
151 405 -889
-437 -447 165
-190 -86 58
-628 414 -255
-457 179 13
118 851 -201
425 411 -96
710 25 -300
547 -500 765
586 -597 55
-276 405 -671
-255 -52 354
98 601 -696
-324 -23 806
-726 783 -693
548 492 -560
831 -479 -4
-23 649 -746
-772 -573 -682
270 564 -592
-659 290 280
600 4 595
524 783 -571
-471 -668 466
680 134 657
852 -323 -297
234 -324 -420
-414 -646 601
260 -825 600
-135 445 284
-150 575 819
309 -335 -335
863 757 868
