1000
15
-23 -648 663
694 -282 54
-212 -346 236
-826 399 -840
850 -398 -701
-55 576 761
824 764 -231
557 435 89
-856 -849 -227
588 -368 -944
474 177 903
587 -19 -22
-484 -202 -284
809 -678 -502
-286 -515 -569
-572 341 898
-201 513 -187
34 -864 217
212 -408 -650
-322 131 107
-642 -626 199
137 184 816
-577 257 99
845 570 693
-542 -396 357
-613 297 945
-756 -64 -430
234 594 434
662 87 -792
948 -742 39
394 316 -111
185 -214 797
-483 -557 72
619 716 -42
553 555 -490
148 -309 739
58 -572 -220
-995 -393 -858
-180 280 457
476 -69 623
-363 526 584
377 -35 62
-886 -142 -189
-356 -771 -551
323 -539 -171
472 105 398
600 884 850
-745 439 386
-447 -851 276
-800 -814 641
-762 390 -225
420 -661 -529
87 -437 -653
443 -115 -897
328 54 727
607 713 -854
-533 -896 427
159 -709 479
-995 271 -966
301 -801 -253
-847 -818 592
-80 -289 436
446 629 -7
787 49 157
730 -734 -851
251 291 291
-280 -475 789
958 887 -159
-67 -891 589
695 -150 869
578 510 85
-866 -335 -567
381 -211 86
-781 793 -371
750 -772 144
872 975 -517
682 -805 709
-884 -427 14
-259 684 -518
140 373 -231
-194 253 983
-916 -201 -362
-844 -458 73
-53 -257 521
-558 -978 380
866 -949 774
142 -452 444
-581 -668 660
71 205 -843
324 695 457
-799 -155 826
-721 839 -831
-104 39 -312
68 975 43
-720 85 -101
-903 -749 -24
-950 206 -371
-625 -438 -148
842 649 -427
19 952 -113
301 -230 49
-730 366 -956
-975 -931 864
130 -505 -290
-543 860 -793
882 -525 706
340 369 270
773 955 318
-475 29 -107
984 254 -715
946 -729 -299
-426 206 44
-11 -674 139
166 19 -745
-671 -640 614
218 714 198
-770 56 172
-387 630 317
-71 827 -958
-770 -783 523
-720 -731 -835
-468 -102 149
988 -4 610
681 -617 -785
-34 150 380
-706 -550 -401
-349 755 769
-41 406 -766
400 736 -880
351 954 573
804 829 11
-284 472 -634
-361 -271 -687
-411 -376 347
-381 110 257
335 69 -246
532 610 -559
646 777 -786
-822 852 770
459 889 -957
770 684 49
-741 851 817
664 822 -133
796 -747 862
-236 -902 245
42 467 381
-385 -22 414
-88 -408 -174
-390 520 555
490 172 311
-20 -180 -999
112 526 714
-370 443 -461
-524 -239 -747
6 -441 -195
954 -791 290
-43 -866 -859
-574 4 -345
-134 -549 214
-57 -956 -283
254 429 254
322 952 481
-932 -158 483
-798 688 -594
-886 -428 606
214 998 -726
936 695 -258
-207 -207 -590
-237 301 232
-397 -404 -188
72 431 -463
-773 -567 735
13 -776 41
-413 -729 67
-215 -679 619
-445 -797 -290
-795 75 -422
-291 578 -954
-405 161 902
-307 50 500
-651 -89 -115
301 -237 -466
-915 -607 -771
-730 747 376
-155 601 804
-194 -958 886
-152 -5 76
-974 783 -485
-1 -857 -109
286 -158 648
856 -293 -212
-161 -711 16
364 33 683
92 -887 -203
407 -909 -424
284 -344 622
-995 83 523
307 -688 -668
66 -889 -248
-953 -347 -285
455 -809 -345
-936 -173 -116
626 790 -515
-323 -666 -896
713 -944 921
-145 -668 124
703 -619 -258
634 986 -308
-774 -84 -846
229 -639 727
730 -680 -223
-781 171 -651
-262 -491 650
716 909 -400
309 235 795
-861 590 669
746 -680 -437
-127 -299 -675
-496 439 -236
-456 955 403
989 -83 639
-159 800 -960
-718 -727 854
682 -976 -298
320 985 -634
-358 -502 -386
815 837 705
-555 567 428
227 953 -855
-527 555 322
353 -657 337
-197 -826 403
612 497 -844
776 423 -852
79 -20 -529
298 -804 268
-673 -793 -56
-174 528 -631
-397 222 287
159 768 -359
340 821 259
-231 -712 -553
613 513 -537
120 636 852
-658 -689 971
171 -196 132
919 -984 -884
719 466 60
-518 665 576
-745 -320 -874
-344 -221 774
746 690 -658
357 -73 543
841 -17 -994
56 371 -716
-974 -425 -665
656 619 253
281 -406 -2
8 654 543
-380 -116 -568
-389 -266 -9
-800 716 -108
733 -449 -439
6 61 39
-724 623 229
927 -98 -333
701 -381 681
108 318 445
-204 -997 563
-837 -459 -651
325 593 -471
-300 530 -606
-381 -711 80
936 -926 -594
-249 -593 -886
-243 -730 468
-720 328 212
-300 299 748
349 -581 585
-84 -266 207
314 733 499
-341 -613 105
90 645 753
316 -455 763
-297 -895 592
668 -562 -738
940 947 -609
288 891 707
-979 86 -629
-848 327 -727
589 -747 -113
68 -785 655
366 -451 -181
-416 566 -691
653 -799 -824
-352 -508 599
-427 -862 380
-78 321 916
-73 299 185
763 -957 632
-350 437 -690
66 -252 468
-664 -610 -215
-890 808 603
685 -887 -861
-702 961 84
-123 524 598
-229 -781 -160
-305 717 -308
-929 -891 441
539 -704 194
358 366 254
-702 660 191
-51 -965 920
641 148 -233
410 777 457
-921 490 -10
-240 -384 -616
297 -646 480
824 -90 -219
366 -123 -131
-51 -207 -238
-943 572 733
16 -233 -932
-458 -210 -548
147 713 571
-964 -250 -101
49 -440 984
783 987 575
-714 328 -143
-516 -327 819
-740 -57 -217
-444 -926 638
876 717 931
-2 -27 -925
-143 -573 -427
-878 732 295
319 825 178
113 -520 -663
-395 -889 205
773 -667 830
570 -740 -539
83 -869 990
-337 -193 748
951 534 -427
-771 -649 -588
-469 52 -289
-983 -30 963
256 -798 -124
280 -141 570
-207 98 700
-619 -634 -696
-854 -731 -550
241 988 -358
-498 18 -348
-940 507 366
221 520 -853
916 -362 127
-880 615 333
611 -351 -321
-131 369 -87
-154 636 -663
-97 701 -354
-648 314 207
-175 402 714
939 537 -614
383 547 -648
292 -198 -543
-976 687 919
-166 -103 500
-705 -145 826
156 -817 609
275 -419 300
-485 -193 242
-452 -257 -950
939 795 388
-231 407 263
-909 641 -698
-860 -906 144
-352 -955 -259
-815 549 266
930 74 -330
412 -872 47
-437 -277 613
462 930 -475
-344 213 -184
990 574 -869
-94 -330 -883
-790 -583 674
-28 -62 980
-923 -235 -234
-708 -361 -96
-930 543 -109
-233 -624 669
48 197 -815
840 -867 -488
726 -968 -47
677 428 146
316 141 878
365 -975 392
886 142 502
757 595 -411
364 -870 -61
-813 -33 990
490 -630 -925
780 210 -190
712 727 369
949 -389 -648
510 -47 680
309 -20 161
-57 -291 128
348 427 -959
-259 329 45
-180 516 47
927 -889 334
756 887 247
-113 840 962
-319 285 -332
-988 -261 741
-61 831 -91
722 414 -933
-319 -685 567
561 -159 653
657 -928 -452
-33 -428 742
165 541 320
620 146 -2
567 859 641
-273 -112 -774
743 -929 -333
-415 90 -389
48 126 286
-584 377 458
-734 334 -332
507 530 598
335 182 -317
-439 521 701
-690 91 650
744 754 195
-274 682 702
889 750 -966
-649 37 152
-775 396 383
695 35 179
-813 -570 209
518 -675 -14
-950 674 102
146 -150 -649
-76 -624 -147
-686 953 390
1000 663 112
290 51 348
609 -342 -536
531 -691 92
947 849 987
-930 -915 32
-987 803 229
363 -608 771
337 761 -848
-24 602 373
559 853 966
286 -434 620
740 803 -634
870 723 -258
154 -748 -273
-581 468 -952
-595 186 -534
-150 662 317
-225 -195 542
-838 -413 521
630 136 24
177 819 -835
414 -711 890
696 -559 -21
774 911 234
325 -786 -905
-420 642 306
595 -493 99
815 -48 -951
515 186 353
-793 55 -499
317 534 -123
296 142 344
-35 910 -49
888 182 -667
-376 -225 748
-262 396 -444
352 225 836
977 -645 -120
-371 858 -298
-259 202 814
994 265 -668
-275 676 -10
961 998 -571
494 323 -340
476 -131 -781
102 -63 894
-434 -845 96
991 -101 -226
-646 -469 591
-262 974 408
-558 -280 325
-673 915 -98
925 -860 426
196 -573 -633
154 -842 -265
-381 426 353
395 129 -128
48 449 -91
868 836 -7
-75 88 8
-385 782 -296
811 540 612
760 -719 -250
-939 -578 947
732 606 755
-258 -943 159
322 860 -848
-992 -874 370
895 554 -430
-906 113 428
294 527 533
-644 -13 844
-138 -867 -141
978 -368 -461
483 558 70
676 0 59
555 -962 580
911 -3 687
146 371 931
-560 639 -783
-312 -128 654
-779 -884 -729
781 -702 168
113 553 -460
642 -855 -585
918 331 -469
-61 -962 -921
853 638 348
-835 313 -153
12 671 523
27 -19 -123
-669 100 316
-611 -906 804
-667 -664 154
-908 -2 996
-739 250 162
-220 417 -425
-210 690 352
154 678 553
473 -140 680
183 -942 -120
877 -973 605
574 -490 858
-535 -799 338
-93 -271 709
-189 898 146
-543 445 -266
-59 68 612
-152 712 -598
-425 -851 109
-330 -508 -792
-161 -645 472
322 -560 638
-903 -712 -686
565 -929 -499
946 189 -655
-15 -335 -43
778 181 695
574 -124 -55
239 -587 120
-472 -988 -991
-577 -374 -974
-463 -563 675
35 -909 -383
379 444 946
-982 -804 328
464 -873 -258
539 -479 63
-382 -143 -590
314 540 433
608 -96 -623
494 -359 -54
796 -705 99
-406 -729 -496
533 -991 110
-272 -97 -452
37 -496 -780
132 957 -325
-901 288 -91
34 -92 -39
613 748 -707
-10 367 -980
199 864 671
-954 413 407
-93 705 126
57 -831 -955
877 -164 -970
-263 815 -375
-438 723 -184
-394 -135 -193
241 277 683
-627 -420 -209
388 42 -544
-527 -307 -428
307 -944 -880
-601 -59 402
244 -858 -835
542 -767 673
-787 84 -973
-461 166 10
436 -973 -330
458 -408 -536
-943 -351 716
-349 896 234
689 -394 472
-780 -154 -254
-655 -783 35
-927 18 94
-171 -618 -511
798 730 -961
-400 982 -686
162 206 -713
481 -904 19
241 -322 -436
82 -204 -940
663 -937 -534
-794 -350 -101
993 -739 -764
403 -366 11
-893 -701 338
-18 90 -8
-390 -755 51
326 127 215
-986 -84 -743
-662 -899 230
106 388 630
-110 -900 195
603 468 -981
-883 473 296
553 -566 991
942 -366 846
-592 859 -131
463 -444 -104
863 -359 82
710 604 478
-964 -183 -256
437 -925 -28
-170 222 -29
-485 -205 -993
672 646 349
754 420 -868
-754 23 23
832 -296 -995
-765 -964 768
776 -20 -663
171 569 259
-874 202 -767
-437 -368 -647
-890 -569 552
634 156 -435
-223 647 -858
-6 450 0
-210 -52 837
-750 897 -44
659 -52 -895
357 624 -703
178 179 661
-327 -410 167
617 54 -51
765 -425 -815
-396 719 545
386 -308 79
-752 817 -392
595 862 816
581 483 348
255 -561 937
215 -709 -317
70 26 -384
-998 -468 295
369 -695 871
-909 729 -876
-787 -32 -29
529 -887 598
-81 459 262
345 -158 602
526 -192 513
-644 -243 -865
-637 -395 -210
540 -470 -700
216 494 -172
473 -403 497
808 -111 437
-121 339 -398
924 -204 -681
-82 203 304
-975 915 -697
-169 -61 -894
414 -334 -487
945 -958 670
-545 -146 725
-763 948 961
915 -958 780
-519 -714 752
299 -513 4
149 800 -749
-598 -990 -968
-220 677 -413
224 789 -436
-484 478 -550
-960 -334 419
-654 -52 -936
-891 164 -499
965 623 277
-11 491 -210
-953 -63 891
-305 490 728
-879 -566 -732
-432 358 -157
129 814 -250
829 188 -690
-357 -753 -866
525 -346 -600
870 647 821
646 -239 653
-781 1 -62
-33 355 -456
-7 956 -296
163 -311 -982
-65 521 -778
-710 807 -747
877 -954 -29
-954 -224 69
-779 -723 -459
-973 -363 966
131 98 31
111 -353 -742
844 -562 -628
-748 -581 33
-442 621 -348
-696 317 740
273 -373 65
140 119 880
-852 204 494
-638 -754 12
41 587 186
-955 -540 -926
-941 259 -925
562 -394 123
312 -611 -547
-861 -18 497
500 -27 217
958 -374 789
507 962 363
945 -193 -979
-701 720 -552
632 -610 205
765 36 -900
576 -77 436
406 935 87
-242 779 850
-719 -702 7
218 40 -212
-440 864 -217
-40 -977 -431
893 747 284
-569 37 662
-194 -922 -837
820 -77 644
842 873 916
-745 948 -661
-859 -117 -259
871 837 814
682 -212 -84
-328 -976 -11
-352 -627 -64
-203 -114 376
892 -906 188
-327 197 -913
-656 -812 -722
-802 921 328
244 613 -248
-456 661 302
64 -764 783
861 465 205
234 325 512
541 288 642
-402 469 507
93 -889 618
555 154 -287
48 -145 737
722 -815 -735
363 827 141
-851 -391 -851
439 359 -857
644 -237 -658
-946 51 -261
-327 743 -347
296 -834 423
983 -836 -325
-824 713 369
484 -769 -698
-88 -847 -596
-299 -414 -750
569 -977 -496
188 -200 826
789 -83 227
-78 88 -672
542 -181 118
-971 -777 488
-487 546 166
400 -890 -140
138 714 -382
448 -460 -139
874 -588 -845
23 330 276
-264 -543 715
743 -849 812
-312 -555 752
-624 204 293
-121 592 -302
775 -687 -240
-689 126 -724
199 394 772
-539 -545 -803
-612 373 939
834 225 992
-184 -240 -782
-120 -66 -123
373 68 -527
842 -189 161
672 825 209
-540 -490 619
-708 -712 382
133 -649 -222
-470 -45 -19
699 659 -128
-30 -572 411
862 584 400
902 9 -810
-425 69 622
-383 -437 561
525 668 213
-658 562 -474
-854 -685 -696
277 -696 -995
348 -236 635
-815 -989 331
-30 -9 -702
-14 529 -73
-941 -831 481
-444 534 -952
-193 -74 -584
73 119 -49
-884 -322 -291
390 -848 27
577 707 14
21 -125 -270
-546 96 -441
779 432 241
-9 200 -843
-454 -671 -249
750 254 790
-222 432 892
-692 727 -960
-242 -351 333
423 -832 -826
-564 -854 -714
-170 946 299
-2 501 760
208 669 -52
-651 -564 355
581 -158 -712
-140 225 -611
-406 -794 -576
804 -707 350
614 847 -535
-290 -595 -228
2 -600 -749
-665 -635 151
23 142 -26
-171 948 -995
-277 978 216
-373 345 -825
-672 -709 66
57 289 -216
-462 687 -84
711 832 633
-860 109 396
-757 719 410
-476 -710 674
787 -205 -983
750 -368 -467
-855 377 -32
412 -450 161
-221 -223 982
-851 -471 -134
-960 -2 -408
948 -741 -414
-335 -355 -346
-209 -734 -126
-806 416 -301
250 298 950
587 568 -128
985 -580 -369
-381 168 641
-836 -938 -624
-448 644 -401
229 658 -496
-376 -289 -461
-144 343 848
-135 -881 -682
-229 -212 -353
-382 646 161
93 520 -261
-573 -165 757
12 322 -476
-554 -877 -104
875 123 -483
-76 969 -780
-951 158 574
481 -697 -430
702 815 304
-972 409 26
559 244 -514
289 139 38
-305 165 -249
853 445 884
861 277 -877
-599 510 -767
-550 533 -252
463 -439 625
379 -246 -25
871 -667 84
932 -314 612
-390 648 465
-647 -153 153
424 -972 904
279 912 -107
188 423 598
-541 -391 -37
218 671 20
453 -951 -343
966 -960 172
975 -341 -892
-113 -431 864
186 -311 -200
662 140 -561
-513 709 -487
162 -989 249
-253 -147 432
455 -360 -815
124 -864 62
625 977 -209
456 -841 365
552 -331 -271
391 518 511
886 -835 -545
293 304 144
767 659 -646
-958 -757 -977
417 417 -172
-659 -425 -300
174 190 956
-479 -34 -375
782 226 928
202 -118 -654
642 752 -417
688 619 792
-344 60 -662
402 844 656
-683 687 238
-135 -377 -229
-338 -243 921
668 -449 -989
-338 415 -447
973 -887 944
326 -473 498
41 887 -712
907 -663 -951
-22 -933 -560
340 144 430
-69 450 -18
345 -145 -891
-36 616 -753
150 201 -475
-968 -756 787
-203 -64 808
-285 -207 -713
307 598 479
384 414 931
357 -405 -353
-370 314 916
229 203 -625
175 707 171
521 -587 -617
323 -195 -467
-762 -161 777
494 353 -969
-985 -373 -598
