969
19
-200 664 -778
580 -525 -650
-943 606 -26
460 -143 885
-152 -656 232
-973 222 338
813 -49 209
539 541 -770
918 25 382
-663 110 -531
-349 674 805
198 -316 48
604 -144 826
-865 587 497
271 -922 511
465 603 607
893 468 -598
-468 -916 204
-979 -32 889
-822 -253 757
167 723 -417
-143 -895 -461
-943 -398 -866
-482 112 -905
-878 -469 135
-975 742 -454
288 -797 532
-463 -667 -384
725 461 -439
691 -626 -160
86 -422 -973
198 848 -840
-529 120 574
-108 890 636
819 -274 -751
-990 85 142
264 -556 -143
169 254 -643
732 638 821
62 -168 -682
-382 491 -476
161 -177 -263
465 -916 577
670 -955 513
509 473 156
-97 776 700
680 949 923
-821 -528 108
696 263 -858
-535 716 980
407 381 -42
34 -264 124
462 -483 -649
471 920 385
189 -167 536
-652 -734 -532
190 686 412
392 655 -990
-725 517 -6
928 -528 -673
394 -366 724
-164 -314 -41
-328 290 -737
299 -201 -275
764 -91 490
525 268 -303
762 -834 -104
655 -690 -198
-60 -935 -139
-224 -813 -683
584 -440 658
-920 763 -196
-555 -431 513
-972 177 70
-239 110 20
880 -708 796
-160 -54 914
237 798 719
-854 35 829
432 -734 -540
536 -720 -666
-238 -63 327
-695 -990 383
-554 345 197
-486 -713 46
-470 -614 572
-403 82 -587
-711 -520 -607
471 -296 437
788 -76 -94
259 686 910
180 -155 -35
-185 -625 228
101 384 -690
-47 831 19
-193 509 -214
725 -905 16
186 960 266
-768 122 -327
-326 449 288
-70 -921 576
-309 -994 849
-376 -815 -160
265 226 -118
472 8 -962
-938 833 -338
-906 -595 -360
-124 -861 -130
-867 -131 -802
947 -102 -1
459 466 -965
635 484 832
-41 564 -493
939 360 932
-295 -523 -148
-219 -452 -224
-381 531 -337
-364 312 771
74 -320 -213
-512 -453 -340
373 -225 -889
785 -541 622
-621 -623 -385
327 984 196
572 -14 956
830 -814 855
200 -637 212
-15 -92 274
-698 -524 -379
821 566 634
484 -957 986
775 104 164
-225 -68 657
575 770 -240
335 532 708
901 965 705
-728 -984 -132
-270 963 592
-443 732 -568
-254 -714 -129
-374 457 -370
-403 -414 -768
244 11 -89
-22 -15 413
-953 885 617
-244 172 -331
260 624 986
788 -980 -544
-405 -734 138
-294 -20 313
194 -560 11
384 -36 205
-651 -966 -381
-72 -990 866
453 -99 -645
896 516 593
-701 -34 -33
190 -40 -552
354 -263 366
270 -863 609
-285 854 -378
-7 493 -16
826 -997 -856
-843 181 362
-98 668 -796
-125 -899 891
337 652 -86
-698 253 -689
-718 825 -429
41 41 787
-537 -91 807
-47 80 -235
958 -901 659
-970 634 -793
-336 876 337
-230 -26 -483
657 459 292
-965 -599 316
930 -494 792
773 919 464
-103 663 259
-772 495 -223
877 338 834
84 -351 -908
701 134 -356
632 -729 -258
546 -623 558
865 -739 -609
-652 -793 110
252 604 -789
-972 -898 898
-975 -586 218
758 -548 -523
-962 -21 -108
728 700 -557
-702 -907 736
448 526 -169
518 -999 -985
-875 -336 -830
601 -98 -651
-728 -266 362
578 -427 19
320 -672 37
-415 813 -605
985 -587 -257
-199 59 593
-718 76 22
778 -432 365
320 241 -846
-429 -872 -18
-263 78 670
284 311 733
932 -846 234
-955 146 -37
-935 -191 -467
583 -776 -780
483 137 -825
-948 771 329
-626 -277 148
-27 -814 -770
197 -638 -951
609 -186 987
-441 -678 -501
541 -506 984
-531 -240 430
-514 517 272
366 795 -523
569 -178 563
689 -372 -819
5 -425 324
982 280 144
711 907 -768
-807 513 -325
-214 -33 -57
-537 -191 -597
-992 -13 988
-133 -397 117
183 925 626
-1 -407 -183
-379 -2 -207
703 952 -886
-907 514 560
155 -826 -875
-653 -162 -486
32 503 891
-349 -851 -326
737 -873 238
172 751 -245
808 -428 604
844 400 925
441 830 -28
581 -984 -162
418 -122 -683
-899 654 -926
891 737 414
-143 -98 -187
-643 -849 -923
434 -6 -467
-757 -512 -717
-109 341 -362
654 -385 -328
-554 137 361
102 -68 -301
961 1 -832
346 -278 434
400 888 816
-121 -565 695
-492 91 -824
-373 -804 -653
-727 -584 755
-518 857 625
-681 228 883
-514 -507 -120
738 466 938
715 -965 661
-176 -442 774
660 -512 -133
-172 618 653
581 733 -371
152 -789 -289
-832 -223 -523
97 292 97
111 72 -690
-933 6 -985
933 -338 -836
226 -368 -322
743 990 -867
708 -276 -799
327 41 972
-371 392 522
-145 -129 -380
-157 397 362
823 402 -264
-911 -338 386
969 485 72
-366 875 -787
-695 417 449
478 702 983
-878 548 -275
-960 198 -364
-798 -212 -493
916 -475 332
-694 -973 474
441 -743 857
434 269 15
-457 -757 -138
-855 526 -2
866 823 210
-884 -870 989
-645 508 209
843 -255 289
-247 -256 547
192 -802 -693
405 -815 -370
-615 144 -777
605 -738 461
-767 -729 552
-162 -57 -171
-761 -532 517
437 -770 118
-699 -57 -34
-361 301 -572
162 -17 -495
321 -160 403
382 497 890
-641 -895 -283
205 377 -248
286 -47 305
986 626 -445
-959 -213 787
191 486 -343
607 -217 -261
635 781 336
-528 -247 63
565 -207 -860
422 162 -749
672 716 -148
-416 -831 618
-5 609 951
-224 -960 -895
113 -255 -541
-331 119 37
65 569 -598
429 44 -97
-47 413 -714
588 -697 185
18 -821 473
-911 -436 163
-254 517 93
404 -171 -828
-837 -722 -670
-854 -311 829
-660 -666 -885
-988 131 -306
154 -742 410
196 175 74
-771 625 551
209 705 497
925 753 -178
617 105 -121
-107 992 492
-716 890 -20
829 662 888
209 555 -308
93 758 463
-833 -682 -380
768 147 -894
-629 -368 -301
992 -681 -262
29 175 -994
932 -789 27
504 -238 -837
-146 -48 -223
-154 396 604
-346 895 -676
-425 -240 -885
31 148 -325
-233 -268 -745
762 -464 734
563 524 -28
-243 939 674
-828 -652 -205
301 114 189
875 802 -916
897 514 759
-451 961 -205
48 -392 237
-505 -569 500
269 -629 -830
516 558 -125
-65 497 -267
-336 143 -771
-149 87 521
54 796 829
295 -816 258
-407 148 -351
955 871 -355
-457 -255 -928
458 467 -772
682 119 -476
-519 279 573
-13 -741 858
-673 -553 498
93 373 -621
-737 -485 -584
-795 -350 179
-310 -834 48
480 -433 164
805 32 214
-182 -158 308
282 -462 171
148 -906 -825
-366 -81 -236
-258 -619 -370
685 -869 900
738 117 -59
-639 522 -487
649 537 148
-188 -197 -536
-811 -772 576
-310 -893 956
552 856 -781
931 706 -985
-15 -188 -750
-771 989 594
280 435 -93
-737 890 106
-326 436 -792
676 -375 234
-93 -946 -38
296 254 500
-844 623 694
810 -710 547
-874 -165 -831
844 -760 150
44 42 -185
822 -730 -664
62 573 765
384 365 890
-957 746 899
-718 78 -309
-298 486 -433
407 -388 -735
240 654 -401
-973 910 -694
-785 -374 727
-673 -207 771
74 -997 340
-758 -479 -84
-267 -202 466
-882 219 -530
424 783 -352
-531 -976 991
-662 -743 622
-593 784 381
-361 245 -158
166 -187 -582
-375 96 758
-669 -125 324
-196 539 -957
-704 92 719
-92 667 -341
-78 -856 938
-984 904 562
-965 354 -806
-578 -392 151
526 148 111
-1 939 -629
625 553 160
912 597 250
-42 711 -282
432 337 325
773 310 106
-803 -442 727
-335 -427 873
598 205 632
356 622 488
-599 -490 -246
-664 -84 261
536 -889 103
739 -535 573
508 -608 -138
221 -955 24
485 71 800
-361 -844 422
-552 954 -747
-963 284 418
218 174 946
887 -685 -477
-93 -57 -605
-111 617 -309
544 410 -976
550 -73 801
-482 948 -499
-180 -687 -53
-887 622 -380
367 -434 -885
-618 65 -715
-799 -832 767
-132 -884 -247
344 697 -697
65 491 55
371 -874 -699
-703 -150 -860
-675 -55 -357
-72 -624 -974
-366 -585 419
343 -198 -634
564 172 -822
317 -798 319
350 -12 783
916 573 233
-279 873 -932
-851 564 176
193 -936 -240
180 509 -216
33 -916 -349
366 -598 17
802 825 -699
669 125 -837
-484 799 742
-931 -607 906
966 -438 683
-265 248 509
493 540 -777
-341 655 -682
-282 321 64
465 26 5
325 -1 203
-883 -91 -740
-546 -846 -353
8 -80 -413
-366 826 741
-466 -125 -868
255 -73 314
676 451 459
-782 -682 919
-88 -466 764
236 607 388
-300 501 -140
-171 -577 97
589 718 487
-747 392 -499
-405 328 166
768 314 -79
-348 -387 570
842 634 -309
-409 991 948
-163 799 -446
128 -626 672
935 10 661
41 199 574
845 -220 592
-975 239 -611
-111 217 -672
-3 -342 -211
882 -984 427
-47 -141 -505
-217 -679 316
-141 42 542
946 -737 -314
630 483 -370
494 902 -588
281 -696 530
-674 -469 -227
600 -284 136
264 -40 519
-6 636 -485
620 -297 -519
-938 841 32
492 436 45
259 -301 809
506 915 -791
276 -290 70
-990 603 120
603 -933 -466
821 -856 908
-112 512 466
684 5 -16
1000 565 879
-611 274 319
461 -115 -193
-29 56 128
-611 -909 601
-570 -617 976
-227 -120 -376
-697 -897 -606
158 822 -506
578 -735 394
752 181 -243
68 -252 -830
408 374 365
942 -250 -38
613 -497 799
276 -73 217
-790 825 998
799 63 -89
-389 843 -445
264 -966 234
-704 962 -247
574 193 -391
-74 -375 491
712 391 738
115 663 692
614 975 706
-804 -653 700
-59 101 955
968 851 -500
-658 128 543
-464 960 -22
-339 474 315
-597 -707 254
-381 754 -790
-155 805 54
75 -643 627
-473 277 323
618 -619 307
-304 456 103
603 -245 86
659 712 -282
-215 365 -396
637 -93 990
-661 -511 -8
624 781 110
-339 337 -43
-901 -483 -881
-521 -891 484
868 994 -788
-650 -272 -610
646 -394 -706
626 875 292
-815 -210 195
-61 961 669
-267 -672 -877
907 542 -265
884 669 316
206 -590 54
276 -809 -922
-771 429 853
-472 -793 -362
-165 -251 -450
-509 -87 -82
582 -88 245
390 240 -245
252 587 498
-309 -116 958
837 478 -221
-146 250 720
281 -811 246
-769 -158 75
556 219 209
412 -334 397
22 -733 -700
460 -656 885
780 -98 927
683 788 248
-309 -969 -42
719 -648 721
857 -849 -177
-412 -835 439
-468 542 478
-335 522 534
385 -82 572
60 355 -459
-911 857 610
673 290 -121
321 -373 996
-489 -821 705
870 979 563
6 -522 -47
-172 -267 -786
261 -985 983
709 996 -227
394 -169 364
-462 -961 164
-933 124 -142
-298 39 -402
-907 -647 456
911 -324 -825
553 -290 -465
711 -106 923
-171 660 844
-383 -715 -429
-523 -130 -696
575 -90 -177
-149 -680 71
-962 -768 870
742 820 620
-869 755 590
-646 630 446
-808 684 860
-473 409 192
911 417 731
304 522 499
-423 301 -702
-692 -816 971
-445 392 806
-929 720 -380
-937 215 -896
-67 -318 608
-165 886 801
-315 -597 589
-685 -637 213
-635 -269 301
-840 -530 1
-797 792 213
136 -997 -211
695 724 733
-848 -947 207
469 -80 -849
-97 573 -168
398 204 835
793 -904 8
-686 725 -153
258 52 -16
510 -300 -584
-501 -267 -70
203 816 -388
767 -393 253
-908 644 -521
-207 245 -833
-177 151 -959
-226 975 -308
425 508 906
-433 -687 427
87 -578 -277
752 -821 -874
85 -15 499
-425 671 491
118 481 -52
-39 -378 177
-306 595 -541
827 555 -705
-536 -641 -79
410 -198 828
170 662 474
-200 -142 114
-23 916 333
-40 -687 69
590 -484 212
-981 933 -520
673 -956 -825
815 213 -678
-217 128 -58
378 668 -605
-326 -70 450
54 155 507
162 -750 -252
-747 -502 -158
767 960 -624
-633 -228 874
176 -499 436
67 -70 925
-623 -524 -231
146 165 786
93 335 294
-575 -506 940
493 -108 966
-556 -583 351
664 -276 759
-487 -561 -398
-90 -345 775
769 497 993
-81 244 454
-44 -8 -623
-236 -257 -181
630 -394 -776
310 9 696
894 664 -589
-497 165 425
888 835 -46
-977 -236 -123
-64 177 -271
525 -942 -844
87 -155 576
547 -389 -870
-768 760 439
389 151 182
-515 -249 -356
6 -571 124
77 250 611
963 106 -651
806 -538 -422
324 -69 470
595 -44 585
-796 262 -56
147 883 -871
-990 -62 651
-308 -731 415
-129 -345 -71
771 -967 -639
-408 -65 935
889 213 481
801 -96 -415
-370 86 46
-923 -15 -519
-557 24 -536
422 909 276
-212 747 -668
290 53 734
-264 -812 300
-798 227 489
706 701 53
-186 -614 -350
-371 609 -690
469 -975 -982
941 369 140
524 474 684
661 -801 -176
698 -643 383
779 -754 0
272 -654 516
424 678 694
-285 -532 954
459 -833 22
-288 -552 -221
491 -56 73
-772 -29 16
143 467 -989
35 279 739
-241 -499 32
452 -564 749
955 729 125
-513 137 -676
857 842 -141
219 -379 91
-544 -385 -757
-527 -477 -486
683 -253 -627
-187 -213 860
11 -48 737
-481 477 488
981 -85 -675
-385 960 -285
-628 53 546
377 270 -589
165 -311 -161
406 708 909
688 -931 845
806 488 -415
-751 -889 776
-777 842 329
-359 -100 610
867 232 461
-620 287 -77
519 -950 -261
351 510 611
488 -566 -444
671 -994 -519
411 -136 -403
-884 36 -881
-881 803 -432
483 -159 344
374 -211 406
74 -903 896
-363 818 354
-251 -573 -345
-144 575 -872
317 -62 319
-876 681 -63
-739 -880 865
-501 882 -728
-711 818 -755
631 733 -654
-512 -944 708
628 572 -154
-524 -221 654
160 -44 -649
-394 714 576
-414 -879 959
-229 -827 118
-144 -650 387
216 -881 97
-14 294 -930
-979 823 -694
766 -920 -615
77 -27 -573
374 -223 736
-358 -780 -535
428 -686 252
601 -266 172
478 -375 175
-866 -559 523
782 256 -926
832 150 799
656 -666 397
-682 933 -783
-565 -891 434
925 484 -645
675 -840 595
-450 -375 -369
456 221 -611
582 431 873
-693 621 355
418 -897 306
698 -814 -629
-761 683 -971
-581 626 429
-388 939 -231
291 309 -299
370 218 -258
554 456 3
768 399 -160
-763 -176 878
425 -688 -376
-59 -300 149
990 741 937
66 -880 -863
-217 -806 511
370 653 451
220 -684 -611
510 906 105
664 -471 530
386 643 50
157 -144 -217
-640 -70 -361
-268 759 965
138 -482 850
986 719 972
413 428 -585
-390 574 644
-138 293 -12
-467 657 588
567 -546 -552
187 -682 -79
178 -834 -507
-360 717 -647
-460 -510 782
562 146 -849
-524 -222 967
-791 28 -146
-884 312 410
403 440 -750
-905 -725 -393
910 -339 -882
-967 604 446
-8 -445 -217
901 32 792
-738 -631 92
-882 579 628
-31 -30 640
-550 -379 445
62 -260 -434
224 -40 189
-440 -988 665
759 849 -140
-642 -180 133
-103 572 461
-715 -952 -143
41 121 632
946 -692 986
97 -668 -507
-915 347 -913
83 448 151
-318 -978 808
73 970 970
-404 -96 930
597 -93 -370
-668 -438 -245
142 -868 -547
-913 -385 -714
-914 222 346
-406 666 -491
-830 391 257
529 284 154
-392 417 499
972 -84 -540
629 217 840
19 74 -73
