786
7
847 -11 -463
-225 -706 -362
-784 -994 875
-127 -112 200
339 747 -67
179 989 -980
-72 842 -498
785 -402 172
116 283 398
-795 79 -599
898 395 568
451 240 -877
505 -10 991
-22 -341 550
455 -298 930
-351 908 879
-622 -909 -173
386 -492 -211
-797 742 980
-731 -479 652
-670 30 640
907 912 -510
-861 448 -631
582 -568 -758
424 -130 -103
415 955 430
200 -275 634
-677 239 -863
179 229 167
26 -562 -474
134 616 654
631 -656 -138
681 915 833
-380 703 407
-824 -763 947
-325 191 436
456 684 752
243 692 -54
-473 -421 -258
374 -950 -505
-593 608 197
191 144 -344
112 394 -583
-148 346 490
927 753 -35
-651 482 483
-781 -21 -719
-335 840 883
-690 353 376
-563 -523 -918
-955 494 -138
-717 785 693
-531 -14 104
323 845 347
311 973 -636
-570 870 883
186 516 -21
-477 -223 -639
115 -986 316
-827 331 946
-52 -150 12
218 651 840
544 59 891
-357 -361 -719
286 742 -438
-288 -722 -636
996 -76 657
880 -781 -830
-690 67 -638
-173 770 642
253 -67 -948
906 -110 -202
94 874 454
643 948 -741
686 -635 926
-923 -585 44
860 -831 -558
794 -502 927
-304 623 760
-829 650 683
0 913 461
-386 416 -609
880 -920 -388
-358 -665 -484
-647 -685 294
211 150 759
149 830 -397
883 483 718
9 353 936
-196 54 -586
-199 -944 696
-630 -573 601
319 702 706
-475 -781 -451
-433 -161 28
-673 22 -948
400 -836 -823
-295 -973 661
695 -554 492
-879 -638 -251
919 447 751
-279 -99 -353
-509 -255 -649
-561 247 -407
197 395 -487
-808 382 -661
334 302 418
23 502 -126
-775 665 -82
333 -704 -944
886 -944 -668
-536 1 349
251 531 612
-281 -783 356
-707 660 834
-707 -435 186
-116 -158 173
-181 -956 -185
641 -770 468
-295 463 -910
342 -302 -627
-999 167 500
-719 527 606
717 -472 -556
-366 -948 -377
846 -918 890
986 29 863
61 657 609
-199 -353 -306
553 576 511
-316 402 580
-259 551 438
-358 634 -177
-752 -678 752
-828 303 934
195 -92 -104
795 390 -306
-527 991 -265
982 805 -462
-868 -484 -587
-546 609 -341
962 -146 -621
-295 -766 414
-12 -757 -276
194 367 78
688 68 52
639 271 582
644 376 -256
-948 75 22
-301 -828 -210
-347 18 -402
402 -508 -338
367 703 -72
329 810 -290
566 -647 982
250 -529 -797
-117 -591 -96
-319 -712 -181
-796 -596 366
12 -825 959
732 -228 592
688 -625 228
-320 495 -770
535 587 -408
-612 -117 391
-238 657 -919
971 -967 25
-251 -381 206
178 -167 890
-390 -417 -576
-132 379 741
410 -771 8
-836 -263 373
20 -924 -695
151 -311 75
-571 774 741
346 507 454
223 816 -249
384 641 -187
206 -483 388
66 759 -568
-990 -311 -762
223 366 -184
29 -613 -763
675 80 -177
206 -298 936
-336 138 -783
493 281 -18
788 -963 393
-838 -829 727
-179 165 -519
654 315 -736
-978 424 -61
669 -229 567
444 257 -500
309 -158 -887
-803 -407 322
744 507 47
687 604 -306
-474 316 658
585 437 -242
312 938 956
113 408 -6
-129 -3 259
-999 153 942
-915 598 -995
-612 -329 350
627 -385 -645
-889 -123 -439
2 -485 -495
-949 504 -34
545 -497 217
87 130 190
-231 -711 457
67 267 -820
31 212 322
-161 50 624
-460 782 -903
247 -661 -307
969 -872 -437
67 750 326
-569 252 155
-450 -576 926
-896 -308 -275
704 -655 994
-987 809 -362
203 678 390
-590 285 526
-76 100 -226
729 846 445
-124 -487 -68
511 -346 -521
-202 -385 206
164 472 -932
358 -476 -274
353 -931 212
-651 -715 840
-675 -960 -25
318 456 -788
456 57 983
740 858 -832
256 459 616
-818 -934 -356
449 -828 -119
-49 819 -681
-176 -375 -978
15 -696 179
-22 -855 806
-902 97 -304
-270 728 625
-351 650 -489
429 673 495
-479 987 431
-836 -6 -147
-969 712 282
-145 -395 110
-55 118 -142
-836 810 -918
340 113 665
-770 698 344
962 -844 -399
-858 967 621
-463 -974 729
485 487 -913
733 853 822
-76 -160 -680
-954 -454 -727
82 -205 662
413 -416 -254
-543 269 -272
-434 -980 279
81 325 229
-534 536 -255
604 -759 639
-648 407 917
438 161 529
-432 -781 791
-749 945 -298
940 222 354
-985 564 510
-536 548 -87
703 77 -508
752 919 -292
-433 -574 -95
-463 -509 797
-666 117 -974
77 -947 625
-281 -813 15
126 986 -522
966 76 -246
-964 547 -813
-419 887 362
20 522 762
324 424 -543
-859 -387 977
-810 -488 -751
-141 550 -933
-839 -565 -436
793 -692 -571
-29 268 -161
681 -621 227
-351 -937 475
-869 890 773
618 -154 -606
721 453 245
-464 259 794
190 424 -572
937 820 590
-753 -475 659
-684 387 201
509 -291 -121
-843 17 136
-748 -921 470
-266 -434 864
182 763 -766
-399 810 -838
-805 415 893
-403 776 -643
877 -126 -469
-226 -201 -986
731 -423 278
-966 812 333
616 -575 32
958 -161 844
-411 191 663
289 -959 -154
830 522 932
-530 939 668
244 122 979
-662 -653 -900
-195 -667 6
309 636 -193
9 527 514
-298 533 106
429 -439 264
-120 -844 534
-545 22 -22
-896 -934 493
180 -396 518
-764 -72 500
219 709 45
-665 -624 -614
60 -44 -397
152 -211 748
-26 -131 9
-11 -473 364
-111 630 956
-40 710 -30
259 546 -67
174 -303 -528
-408 663 -740
25 447 -954
790 801 -471
145 721 613
-316 -8 -428
-49 -598 -52
451 -632 -138
-869 699 -382
-686 -173 181
95 -366 -263
-275 -193 -235
843 497 -988
-937 -676 637
-677 -280 399
216 -60 -858
478 242 -950
578 -318 -104
-141 617 656
78 4 67
-572 -834 -25
24 -223 498
144 -166 -846
705 68 836
-858 -734 790
218 869 316
-506 -805 440
-211 558 -215
37 361 -248
362 82 -539
363 -290 613
-328 -3 -142
-761 789 -4
-226 111 20
89 -70 -395
566 -678 955
-892 -613 -283
-352 -677 -810
-319 -405 187
-117 770 -842
-877 -562 51
101 304 -648
50 795 -613
443 -498 701
378 -691 -180
-400 875 -310
253 -421 -301
519 -468 800
826 787 522
50 -206 -13
208 -741 -759
-810 -812 -401
-312 83 320
699 499 684
91 118 -375
-285 180 60
758 879 -419
440 183 655
113 26 -970
-986 792 348
-516 392 750
322 561 -375
-999 151 946
201 572 161
475 838 381
818 -578 68
-152 -260 -770
507 276 197
183 778 -572
223 279 602
388 -914 -196
367 814 47
857 152 48
981 342 546
-35 384 873
-888 -147 -221
-148 325 -888
974 -319 -540
749 -782 -606
550 337 384
876 -849 -551
-959 992 -209
-101 302 904
216 -16 733
643 -238 -603
204 -488 -129
296 880 624
-455 185 -915
638 284 908
-638 202 -407
-7 -280 532
-849 -547 658
636 -829 -276
-660 720 44
-574 -916 116
415 935 -333
-562 153 886
51 710 -932
-783 403 385
-520 883 -122
-582 -883 -106
986 -560 -679
-9 644 -61
-622 773 646
-94 613 -433
-132 910 7
461 -496 117
776 578 -806
-421 -673 503
-494 -146 -338
-431 -75 64
-971 -112 270
548 766 887
-598 384 865
346 -163 -92
-143 550 -593
493 518 352
-219 -439 -647
977 -895 290
-543 -536 10
768 -333 -132
-323 -707 489
911 615 -895
231 275 101
-962 699 43
190 204 936
100 -632 -398
-636 681 -868
780 -180 550
124 595 10
202 433 -297
-291 -68 144
-520 19 -345
-460 -115 -741
-821 -540 236
-88 640 631
653 -228 -297
796 -971 465
11 -135 -802
-87 35 277
231 -595 254
-105 -146 -789
948 989 74
556 -897 -647
367 -543 35
-656 388 549
668 467 738
496 -40 974
705 210 64
947 937 -723
-483 483 610
-997 -768 -357
172 597 395
579 23 488
161 98 -870
829 952 994
855 -687 989
558 898 -45
-840 29 -184
236 755 928
-366 796 -143
-661 -658 804
-221 247 -602
-18 -801 -768
939 -204 -883
661 -968 905
27 -519 746
-980 -201 368
584 -125 313
-132 9 154
-804 -653 216
-190 495 -536
-543 -353 238
422 -303 -598
-706 475 964
-272 654 -908
-920 972 -404
-358 -73 705
-646 55 198
-320 704 579
933 -494 -614
-900 285 -278
412 876 86
31 -7 840
691 574 -790
-401 594 -500
-775 -397 509
291 86 326
720 526 926
-652 302 -912
950 -439 -36
-901 -763 767
-501 -589 452
669 717 -279
907 258 -406
-921 446 391
36 -21 396
-173 645 -890
468 589 698
-172 -953 735
-388 526 227
539 494 -549
-821 539 304
850 -677 589
-1000 219 -526
-561 804 824
304 -559 -460
-667 -629 -245
-313 355 543
-971 -128 167
624 -188 -650
963 994 -172
-637 115 916
-31 -841 8
104 554 -550
-794 471 -891
94 826 -9
-665 198 -182
501 781 -79
226 71 -830
981 -56 -181
905 -184 -546
666 290 -826
-978 -626 -686
-101 -450 -994
-442 345 396
830 783 -569
-361 804 54
-578 -192 42
-605 603 886
-197 -131 -784
-733 -600 -234
-846 -320 673
703 448 337
744 926 -650
228 219 -499
-152 672 334
-173 634 -868
-729 243 0
-972 -953 587
515 -139 851
514 -363 -703
260 128 -93
-219 -435 606
-514 -937 172
-879 317 453
-469 633 -941
337 -343 -437
222 -393 565
-195 -874 -368
-453 -338 826
613 -598 -48
-456 -40 58
-127 571 952
-171 -948 -303
976 857 137
210 310 -986
332 -777 71
378 -872 738
-543 -288 -806
300 812 -970
248 -79 287
-242 -362 552
-998 -575 -888
-274 -71 355
-958 431 978
-957 -630 541
-617 -729 -357
-503 -370 -171
415 -437 -888
218 849 249
896 -211 22
-533 -499 527
-447 -472 983
435 370 146
201 -579 -603
16 -650 57
544 -38 -939
616 -607 -568
-279 -705 969
114 292 -473
894 -332 -818
-695 -835 -182
339 -485 954
17 -358 789
-164 -483 898
894 -306 888
-823 757 -339
226 198 -223
187 -448 -876
65 76 511
-900 846 -522
440 -971 717
40 970 441
775 -754 -24
717 -20 691
102 446 -532
-548 356 396
825 -888 918
-706 951 -39
140 266 -744
-393 345 -262
641 -892 353
-541 459 -364
817 -646 -111
-533 386 -662
-434 915 -990
-217 263 622
-901 498 -302
923 -893 446
-487 776 88
991 927 -370
-914 -814 -38
73 38 -61
-132 277 424
151 1 -745
-807 -726 -436
489 911 577
-383 816 -338
-987 921 644
-707 168 340
-748 -142 -181
298 632 619
890 377 -365
-990 -436 -806
-543 709 694
842 -662 843
-436 -249 -33
136 120 92
866 -339 -195
-879 -114 -315
-280 129 -77
-817 803 -128
67 -494 -166
526 998 -32
-446 905 -852
227 344 -631
-930 847 -299
-383 -335 210
709 283 -398
48 -258 -260
736 -816 394
480 -480 396
-205 202 -67
361 403 461
903 -408 842
687 292 -734
-17 880 -998
350 -164 -129
-614 -519 -745
-2 246 924
-396 530 -745
-415 614 357
-294 -986 907
770 -164 -468
-530 139 594
139 514 -602
-711 -464 624
231 -258 -559
-833 -420 -804
279 -109 -869
434 -40 568
-626 876 -111
-398 -716 731
-648 -565 -427
550 -117 -56
-612 735 -867
722 44 -831
453 66 -545
733 261 647
-644 -213 -574
931 -126 -425
-676 245 275
-501 647 354
-76 140 -328
754 664 -259
5 935 -202
-453 480 508
753 983 154
978 -627 857
785 521 831
600 -301 -391
715 524 406
-945 -768 363
142 -353 -487
421 -191 -316
596 68 -428
-8 -383 983
-839 -431 -768
-888 746 -584
-872 -934 396
97 -168 687
-200 373 525
269 988 -506
765 942 -403
-874 -130 791
-987 -863 141
876 997 499
-66 622 65
86 585 26
498 -10 15
-862 611 -590
-656 961 -959
-510 -220 -697
429 -179 -40
-708 813 -170
494 -106 -440
840 -92 177
149 -938 114
-121 222 -995
901 -154 647
-19 -119 305
-755 736 -751
957 -396 314
798 672 769
-578 -918 384
-852 165 -867
-936 -205 393
-66 -470 891
728 -92 177
419 760 -528
950 -158 -619
388 198 899
906 193 -541
157 687 -506
-233 665 -894
-269 329 -491
-366 -557 603
641 -557 120
-939 214 -38
625 637 -52
298 738 -956
-830 519 -374
-756 356 -900
-540 -872 426
-65 9 -677
-701 -14 -203
