1000
2
259 -727 215
-5 -293 -810
-39 805 96
268 -39 3
-571 -450 -312
48 61 727
-150 -18 -887
150 -475 592
217 308 -8
225 77 -140
-748 326 -148
10 38 -773
158 14 275
386 650 92
-363 -427 517
-96 -26 -179
-620 451 -351
156 12 304
-283 83 -197
43 -407 -748
-50 -179 97
728 -9 -305
-19 -32 -291
25 -25 -370
-484 160 -630
30 -182 135
-43 239 56
-404 107 700
-765 289 194
31 -97 -237
282 -108 9
610 -12 -493
146 -68 311
226 -320 58
107 149 -847
282 -39 241
-32 127 201
117 359 597
-13 -284 160
37 -36 239
96 -350 -107
-3 0 -209
10 80 205
211 363 -741
-518 400 369
156 -123 41
605 295 437
-45 324 -683
154 -60 126
118 -271 249
181 20 -759
-264 -88 113
24 261 -184
128 -77 -363
89 -55 -313
-209 -72 -157
-227 -767 -203
-58 -357 -693
296 51 -100
668 -157 -492
508 396 -504
194 0 121
328 -142 -21
342 -294 643
809 197 -288
679 369 128
81 -493 -575
253 195 122
109 173 281
-180 -94 84
-507 -429 -381
14 37 -291
-265 43 172
2 -3 -201
282 184 -191
13 -2 716
312 153 73
-225 18 -143
563 -183 -489
-403 636 -53
-36 176 113
-874 75 164
682 -258 -185
8 158 363
-259 -275 -728
70 -229 -269
245 -192 -13
-16 245 194
-250 194 640
-595 515 -98
-549 131 510
-257 58 278
-43 -5 -213
433 506 282
213 -607 -286
116 380 712
-72 -254 252
-305 160 689
-5 -234 147
-38 -111 -178
393 60 -766
72 59 351
247 14 54
-97 -138 -208
-111 41 -163
-21 -356 108
583 -42 -603
77 275 -268
93 81 328
-151 -64 -132
-14 42 856
-89 -157 -308
-309 276 711
207 151 -211
285 124 -164
97 148 -229
-156 78 349
329 44 55
43 73 223
-289 -96 -673
113 48 -226
26 11 823
20 -206 -241
300 -168 708
32 765 110
30 -27 220
617 647 39
405 335 484
-226 -454 712
-127 271 -188
611 473 -29
300 78 33
-240 -250 57
-739 -38 -226
-89 -221 149
99 -77 212
-571 -627 -220
716 472 60
129 85 -335
0 -121 -167
-138 -131 203
-2 -1 -710
-369 375 572
-255 -601 370
-262 134 -153
-221 -671 -265
-633 350 262
272 219 187
21 279 688
-370 -320 -740
401 -664 -332
628 -247 -455
165 171 157
-2 36 -369
15 -42 -207
-623 270 -397
-317 235 -650
-8 -206 -113
107 84 -749
198 -285 96
604 263 -407
-9 9 -734
69 -239 -286
283 650 -274
-135 259 -201
178 184 177
-23 76 200
-87 -211 -672
-251 -221 -14
0 14 200
38 -304 -135
76 -199 -333
-57 78 -333
-588 526 -388
-104 -22 195
-572 205 -582
73 175 105
-189 173 -21
-667 -384 365
-22 4 347
-302 -30 146
-64 -94 297
598 432 297
119 -113 281
160 -314 156
-1000 -1000 -1000
-81 -525 524
61 158 -149
164 45 -191
-198 -75 -868
20 -178 744
739 125 119
-30 113 -322
152 -30 175
-4 138 211
-761 51 -467
-102 -222 -112
98 -838 -16
-286 216 -703
-35 30 210
-729 466 150
40 183 853
-1000 -1000 1000
684 104 107
502 617 111
-5 8 263
-13 -7 -878
181 -111 128
-270 71 47
-102 -323 7
-4 27 330
-198 90 -36
5 229 -164
-533 530 352
-512 402 561
58 159 112
-113 -53 -260
-4 4 252
-63 -371 127
-162 -465 -571
-744 199 371
292 646 -522
-522 121 457
-49 -31 -221
664 188 269
-9 37 -224
171 127 -35
7 -154 139
-146 106 -730
57 -249 -785
-94 -187 169
-30 483 666
-109 640 -409
-66 10 721
-109 332 162
-673 297 241
128 -142 -152
-40 -37 -211
-601 -523 -46
-97 -149 792
-145 85 -111
-331 -593 -532
122 252 -130
311 62 31
280 -94 808
-141 73 246
4 35 375
123 160 -232
40 111 -275
35 -153 -243
-317 51 -117
-16 -62 213
-171 -742 362
-228 -22 196
48 260 191
151 155 214
159 231 44
-34 -230 31
-30 -13 -332
114 47 326
568 -471 91
89 -95 -284
459 -338 -464
311 -573 362
-198 -7 -199
-314 193 -77
-180 -95 86
183 -180 98
-88 246 779
705 270 -126
-600 409 -144
211 -80 296
-149 -261 -86
146 147 -290
-25 209 -120
-411 301 -602
-63 94 -168
-144 306 -63
-796 -337 -191
-15 320 163
-451 -139 -560
-612 -385 -140
-69 -5 -350
-197 207 -200
-5 28 -893
-624 -257 311
-287 -336 -613
-22 -199 -32
-155 -39 -740
556 -398 322
610 345 344
126 -33 -266
408 639 348
706 302 -222
90 78 176
-3 2 395
102 151 126
-61 148 -167
263 -72 178
-128 -191 811
-3 -18 286
3 -9 351
34 61 240
339 5 -669
-23 -98 -234
-226 748 -180
352 6 -20
73 305 172
25 -26 754
-882 -88 -81
199 55 61
453 638 247
147 -7 135
25 -207 -33
-132 -96 757
-67 -310 648
55 -560 483
-18 273 -67
703 424 -312
-160 -221 -744
133 261 149
188 -193 291
137 -250 -3
201 619 -467
378 421 525
-226 143 -251
218 351 678
-650 -157 596
229 -31 -285
-43 -94 247
-88 -382 -661
203 -823 -249
417 -107 556
-46 -135 -800
-31 2 775
-3 -166 -237
-109 89 731
-258 -150 38
-538 350 -566
-132 -8 -279
35 -369 39
-803 113 148
-715 -493 104
-78 345 803
-132 294 -630
-36 -81 238
396 640 -164
-7 2 887
-404 517 360
-17 -70 787
308 -11 104
-61 -304 757
141 -780 -205
-233 -676 -202
-125 188 -857
-162 293 77
65 62 744
-12 213 -168
286 381 547
39 327 213
19 263 -662
-85 -8 348
-78 -237 -4
-690 222 299
-169 129 -232
612 621 141
-81 -24 -383
245 29 -744
-660 -161 -360
-219 50 9
-662 -249 -399
-141 49 -242
710 -125 32
24 -148 -243
-766 -295 -23
-185 -17 -141
-883 -165 4
-4 342 773
-287 184 1
-677 475 -161
45 -362 -707
-222 84 194
-225 30 -68
477 509 -183
-183 -180 34
112 -152 -780
-620 -210 277
-175 -111 213
-242 -703 185
-438 -446 443
56 -518 -587
-179 -858 -37
-53 -21 -747
83 -159 -231
803 -114 148
-448 -592 -81
-202 -404 -589
294 -72 -87
-184 124 -738
462 -41 759
-211 -3 226
-591 199 -548
152 431 -670
-92 -7 -738
656 417 -276
0 -142 161
-353 412 566
-192 -23 -233
-279 86 162
-55 894 17
-215 493 -696
17 210 -85
319 -383 -619
-467 27 -712
-588 420 535
-560 -82 -654
65 -741 443
69 -200 161
538 215 -407
-208 12 -12
92 44 333
-71 201 -178
278 -432 -735
-136 -91 176
93 147 -300
166 182 -109
-373 -420 -688
-64 -107 -776
-229 -277 69
139 201 290
250 20 247
60 46 -324
215 -95 -264
339 -111 -2
-24 -63 299
82 34 -861
-167 123 237
-220 -10 -858
-21 -72 -262
-213 55 177
63 -180 -124
-160 -301 777
33 -268 196
-99 -56 277
294 -24 126
-69 -85 -337
-123 160 -793
374 -129 9
257 -162 108
1 191 197
23 -43 -326
-271 176 -212
22 181 90
13 118 -206
329 80 -104
-95 79 -350
-142 330 -96
20 -133 204
794 57 313
186 -54 58
107 -319 -136
214 -135 829
-165 231 245
84 -94 -367
691 291 -70
29 45 197
-178 -26 -256
211 39 -309
23 -33 -324
-278 -29 53
-594 445 -500
11 167 -297
-293 118 -31
136 20 226
-171 98 -758
-70 -197 -20
1 -8 388
-166 66 328
64 182 76
183 115 31
-145 240 -107
87 122 176
4 -1 822
11 73 341
-261 -147 -725
16 -5 -269
-156 -36 330
-85 -11 -857
-206 -67 -117
93 35 -186
-121 -236 273
-24 -239 281
-47 -262 -105
58 80 341
45 745 -328
56 73 -321
690 324 194
202 -168 269
-10 210 34
318 342 -636
-100 56 -225
-135 -13 -211
170 -4 -288
-131 14 -197
95 20 -368
-61 13 -199
-86 -41 370
-336 41 -199
59 183 180
188 -40 216
-172 -777 -300
-194 44 719
-155 -60 -329
479 -144 493
-18 24 267
201 -45 -83
-29 2 252
-173 -193 -103
-37 57 -299
-47 -141 744
132 186 190
-8 48 -231
-167 132 -68
205 -17 -318
7 -14 -235
-257 91 -178
-205 -36 130
-13 16 353
62 -73 -334
192 25 -121
186 443 -756
-147 -134 60
94 -305 48
28 6 306
57 123 696
177 15 305
389 -12 75
147 -180 -230
70 129 -212
800 -256 -61
-55 -892 11
-25 -4 -391
-443 -346 -478
-444 -25 657
141 150 241
132 41 -864
-70 164 -210
-68 88 732
757 70 259
-844 -218 -38
-33 -49 -241
-388 -47 54
23 1 -223
3 2 -881
6 -6 -215
-21 94 220
118 -263 81
715 515 49
-252 -31 -130
17 -55 -259
-74 -6 837
83 166 -150
119 -372 -804
-232 112 -157
75 139 -127
23 -95 -286
45 -626 -541
-243 -116 -191
-1000 1000 1000
205 -68 670
31 120 -235
-110 117 -227
-31 -216 -28
302 758 344
124 43 -343
-326 290 -707
120 -231 163
49 -700 -555
-2 -32 -308
-210 -47 298
-6 -383 -4
0 0 -298
46 60 365
-103 137 859
316 -68 -732
149 188 289
225 162 -9
299 59 -99
63 376 -766
-76 261 193
191 71 -212
-46 38 237
-451 166 604
-148 129 194
113 -312 -142
-3 34 261
-104 75 -287
221 -164 -139
521 149 603
163 149 -143
1000 1000 -1000
-84 -759 -31
221 78 -17
93 53 -861
136 -159 -865
-30 -95 -239
228 -149 -120
-13 -255 768
-1000 1000 -1000
-183 44 866
-358 -694 256
302 -75 199
-360 -138 88
-101 138 -245
1000 -1000 1000
123 281 644
1000 -1000 -1000
493 -628 116
1000 1000 1000
-59 -45 224
114 87 289
494 -563 -59
503 -533 -25
-395 157 -563
-645 263 -563
737 -194 -229
-82 128 130
133 -164 -100
384 499 -541
84 -273 -92
426 -104 565
-3 37 -205
-41 -251 -730
-349 104 -96
-142 71 226
-11 14 876
77 -123 864
-7 6 -380
-495 208 477
804 -351 87
-6 -543 659
438 602 475
-277 219 117
150 -244 -225
122 -513 497
-11 45 -374
-116 -350 -7
-38 234 -779
327 77 200
161 -730 303
-59 -84 -734
-312 80 801
520 294 566
-243 -364 554
-90 43 -172
-566 -208 507
234 -46 15
-632 -631 73
629 -437 139
240 -797 -293
-350 557 -270
78 -229 -673
23 511 -621
6 304 17
-308 61 777
147 69 -809
-9 -273 -849
-139 75 135
-292 -721 287
397 650 8
-34 18 783
262 37 -769
-641 457 -284
-475 -588 -346
265 17 95
-103 -361 794
-484 564 -387
406 -522 448
-301 697 -271
122 156 94
157 238 -832
79 -124 -833
-459 -251 729
-194 -378 -747
320 428 490
-5 33 -887
-613 -627 72
71 37 -723
-233 -207 64
800 197 315
216 110 766
-7 -353 -128
-363 254 -583
295 -101 -658
-152 -374 593
-4 2 -381
-226 -84 250
64 -138 293
91 -128 -213
-50 566 508
604 -567 -92
2 -1 -708
-27 -207 -233
665 -196 450
47 -274 713
1 365 -126
181 -213 -655
-145 195 149
246 37 -108
-1 428 774
-700 -404 67
756 15 -99
247 448 493
398 -632 -347
-191 35 791
-548 414 -486
565 649 62
-564 -283 -471
-4 -2 -289
-101 -360 -20
-105 -45 881
730 -224 -452
812 290 17
368 -447 650
41 -3 -804
10 -6 760
-780 -30 -346
473 -191 483
148 152 24
-141 209 239
-157 210 215
-357 -39 -812
-231 -517 -433
206 -48 -100
-302 227 -784
184 -325 733
-146 -140 -126
-35 720 -139
-60 86 -745
138 -132 -115
241 -156 685
5 194 -125
-70 -180 -709
5 -16 -268
125 182 288
714 336 -198
188 359 -621
-197 15 -166
-66 -35 -216
-189 -524 511
-147 233 125
-136 -158 -92
103 108 814
-77 366 -105
-134 -174 671
411 8 727
228 18 -318
20 208 -247
-201 -17 61
261 -68 731
-144 -262 -26
-222 -364 -703
-24 -82 223
-200 -412 -674
-739 167 296
-19 -31 -291
33 -249 -250
445 587 -384
-9 -161 884
-597 277 562
5 -541 -702
587 319 -251
-227 -135 -651
-67 239 -245
-492 11 -740
531 -473 147
315 -171 747
-261 -186 52
11 16 -727
-190 208 256
195 -146 -29
-9 108 -726
66 -18 825
493 367 -400
-454 -672 47
-162 180 111
36 -135 -336
-230 -25 -3
268 -252 -685
-640 265 -556
-3 16 -298
15 30 -233
351 -326 -644
-84 13 764
709 263 -318
76 35 -764
-96 351 159
634 199 534
-40 9 -896
-71 -102 -157
70 -189 234
314 7 -106
-202 -27 86
43 -2 -719
-282 76 -28
-146 -97 309
65 -83 814
91 99 -338
35 -226 174
5 -864 131
68 -622 377
328 74 682
395 592 5
-218 -13 -327
-164 213 -117
-530 402 -289
174 -57 691
-711 -429 133
754 -223 -70
-265 -776 -149
27 -98 -738
1 235 191
-313 413 -694
165 5 322
92 -26 346
-145 73 -832
642 434 -204
-76 -153 -864
-75 178 -195
602 -62 382
-54 -207 -689
163 296 35
-395 295 -553
-574 -74 512
0 181 150
22 -5 -356
-652 198 -582
50 125 373
-283 -49 -227
-364 747 70
-25 -324 135
15 -139 151
59 224 198
43 -78 787
204 150 761
-449 180 608
95 -622 -459
80 -93 224
-46 318 813
-39 -710 65
517 620 377
-157 -502 -498
-86 4 318
233 153 -68
-642 -351 273
-679 203 210
-252 -151 -722
-218 729 -376
32 4 768
630 90 410
222 134 -716
153 501 681
-635 -83 -360
-81 110 -361
-466 -18 -769
-385 -491 438
101 232 -756
181 -14 124
408 -673 -401
258 8 -263
-132 49 -156
436 513 -518
-594 -533 -280
254 -576 331
212 -248 143
2 -3 -241
1 -98 -202
-158 83 -129
-271 646 -438
-584 -106 -575
51 20 872
-42 20 201
337 -231 -746
-610 176 445
259 677 -485
-43 27 -877
-59 -122 -716
-5 889 130
-372 -500 568
172 -453 749
-22 745 504
-477 429 444
-130 -173 672
-58 -760 -43
-396 540 590
-113 -208 121
206 -728 -259
59 -14 -732
-496 350 358
-391 280 597
2 8 -224
-151 18 308
-289 -150 -152
-318 689 -199
-102 500 665
-230 168 -694
434 552 -485
306 -163 -12
-38 -164 270
41 -9 350
-13 -227 817
152 -200 -744
-617 341 337
-34 614 -535
-59 487 651
-833 -96 237
198 45 -82
-127 -149 98
-191 -138 4
62 59 -225
-129 65 -762
9 300 5
-220 -299 -54
225 -30 18
-145 -417 -673
-572 -343 327
208 125 249
-9 3 244
-108 -70 258
-13 -50 -223
-125 715 302
-100 -210 249
-338 57 57
631 91 490
230 824 75
-180 -109 276
-306 60 0
293 380 -712
-118 -33 265
113 64 364
789 209 -213
152 418 -583
9 2 239
-86 -100 189
258 333 611
-80 511 734
-182 6 134
222 796 301
-31 -424 -666
35 16 -390
19 36 278
-368 -521 523
-660 298 61
25 117 270
-40 47 -707
-385 608 -6
-447 -598 128
12 9 -223
-21 323 741
36 31 204
-4 -8 -262
-520 -181 -510
87 -112 -858
49 231 -127
82 55 343
-429 -343 548
-691 289 298
-446 577 456
-458 -156 741
-165 -370 785
-53 -557 471
142 -138 -220
741 -193 -6
-28 -491 -553
65 127 -153
-371 71 646
457 -547 -184
-377 726 -13
-400 332 -687
-754 116 38
-610 -325 -191
291 96 64
91 -164 -733
223 295 -5
-135 -21 -174
-109 -33 291
-5 11 775
292 -749 359
47 271 -21
-90 754 -218
759 312 304
-276 -199 -79
-89 -64 -324
492 -420 546
480 -508 323
70 -591 -370
154 309 830
-274 122 -141
-65 -83 -370
-447 -124 764
