2791
73 158 153 83 316 112 330 266 333 87 194 311 3 27 98 173 253 54 49 242 59 293 165 262 159 192 94 300 220 226 125
151 206 66 149 123 267 163 25 205 211 140 89 46 185 22 39 259 328 319 229 76 157 130 21 146 216 48 41 145 299 257 193 63 303 132 237 224 244
197 234 116 219 307 331 180 251 243 277 195 204 56 182 110 86 268 64 119 24 42 255
315 127 96 164 332 198 291 38 101 254 105 236 9 154 313 247 95 68 217
139 239 122 172 143 121 252 11 177 62 109 137 31 79 225 107 323 152 329 249 97 166 263 99 65 126
129 207 91 100 106 36 67 170 203 88 297 174 128 189 322 84 210 1 77 287
134 113 81 199 150 317 176 275 294 118 202 318 75 196 18 305 286 40 188 233 12 13 235 82 135 325 80 208 19 47 256 10 269 138 179 213 282 114 34 155 57
147 327 52 35 276 111 306 308 178 61 69 115 103 71 4 29 55 271 32 45 142 162 26 280 16 58 302 33 90
212 187 148 171 231 156 200 6 261 296 288 43 326 108 274 301 283 161 70 228 214 238 104 310 60
14 284 133 2 258 279 232 120 78 222 250 272 290 37 227 117 74 23 260 209 184 309 201 5 230 186 324 30 281 51 169
131 20 102 124 8 136 304 92 144 264 7 241 295 240 245 321 273 50 17 312 278 289 265 160 53 141 285
181 248 175 246 190 314 215 221 320 167 218 44 223 93 15 72 292 191 85 298 28 183 270 168
