2812
1 165 460 858 513 139 204 526 805 927 732 963 799 296 613 375 161 598 549 494 174 254 897 445 875 741 486 862 863 887 386 834 899 723 610
2 924 53 569 680 716 261 35 285 679 935 229 288 630 767 829 105 121 350 335 372 710 443 497 776 264 782 833 967 163 727 742 774 198 806
3 860 514 575 570 59 307 182 233 299 714 169 600 362 427 26 496 698 720 852 72 106 36 74 194 214 676 157 321 818 207 931 650 99 441 300 354 786 845 772 215 281 301 796 244 505 916 21 444 718 248 588 227 452 113 568 343 391 711 462 491 471 327 331 364 516 95 614 181 162 502 730 954 282 356 756 583 41 117 141 442 96 540 260 621 146 396 677 75 744 342 795 527 625 922 456 172 773 377 436 969 234 256 318 373 240 413 766
4 758 13 493 125 222 622 655 681 65 228 785 553 476 484 712 968 61 735 878 572 760 224 667 304 654 822 89 652 159 265 854 324 674 853 152 529 595 944 328 859 535 383 778 467 651 965 643 817 202 408 882 740 566 881 619 208 302 311 429 719 7 409 132 9 231 807 473 295 551 938 885 793 844 177 536 472 592 55 775 133 211 206 393 560 144 728 831 941 552 747 950 781 648 820 212 431 511 768 800 567 784 663 170 755 607 753 289 488 77 830 646 792 957 82 150 410 128 737 312 450 746 843
5 93 559 872 541 686 739 18 675 85 149 407 871 801 485 660 507 725 789 909 86 388 702 546 928 475 814 585 757 267 276 538 762 602 700 550 615 918 101 154 166 463 855 402 102 955 421 870 453 25 348 48 705 178 192 678 294 189 703 939 612 270 606 446 474 319 403 883 317 420 454 73 942 225 759 83 303 709 191 687 309 522 537 196 841 861 499 696 338 668 865 945 584 627 888
6 962 164 487 932 802 964 33 401 262 770 581 616 461 609 835 290 966 662 661 832 729 869 923 921 297 455 690 898 894 292 374 524 764 578 948 84 692 544 100 611 349 618 226 310 118 697 458 272 639 11 682 917 34 633 46 701 138 381 278 271 521 533 175 856 361 738 548 956 14 936 242 357 432 940 145 665 464 689 425 218 706 842 777 50 440 691 596
8 525 399 933 111 492 58 190 501 745 819 49 367 884 743 217 509 929 520 336 209 38 94 404 664 345 836 892 920 32 787 468 195 864 232 241 287 628 519 750 422 573 563 384 423 17 889 769 733 29 840 562 293 647 903 547 635 329 397 608
10 797 87 24 268 315 498 824 392 168 63 695 322 428 284 851 465 953 699 451 554 417 543 23 626 199 961 109 434 530 504 142 827 376 398 534 235 684 629 56 587 257 353 88 405 259 351
12 574 826 411 37 151 637 203 518 925 127 670 780 52 237 731 906 230 387 62 790 42 915 263 64 92 119 837 239 937 556 286 726 22 69 430 108 500 657 280 748 515 707 517 31 184 70 269 879 340 506 634 81 216 503 220 653 313 911 926 960 952 243 412 908 221 389 638 40 424 591 378 671 176 291 586 419 641 532 558 943 155 253 200 508 258 850 158 323 877 868 341 457 490 765 283
15 160 27 564 812 347 355 752 448 320 815 480 483 873 395 649 510 599 895 43 44 890 275 173 557 433 76 951 126 577 415 839 71 594 122 481 249 379 913 658 179 523 187 316 589 617 810 886 346 880
16 813 135 847 57 358 736 365 477 910 645 694 539 78 238 91 147 298 838 245 339 394 438 604 39 363 274 763 114 250 183 130 156 385 693 603 112 893 325 724 439 808 580 907 919 47 605 266 136 669 180 542 688 708
19 236 79 788 20 352 330 447 751 904 171 867 930
28 761 123 828 223 683 120 891 779 129 368 478 754 565 959 273 734 449 749 623 103 306 210 246 531 640 137 949 153 326 107 366 934 382 115 816 116 821 140 495 414 857 804
30 277 482 68 186 809 205 369 561 67 97 713 811 659 371 213 247 435 60 193 783 489 148 791 876 188 437 896 80 314 905 848 252 846 576 849
45 571 380 902 197 390 866 167 914 251 134 337 620 279 673 359 771 825 946 255 636 470 512 308 823 333 656 631 418 469 624 803 54 798 912 98 124
51 305 104 426 143 715 344 528 66 644 901 900 90 416 597 579 360 545 666 590 185 400 601 794 332 958 582 685 110 593
131 672
201 704 459 479 219 947 466 406 632 334 717 642
370 874 721 722 555
