802
164 378 180 595 652 662 547 688 142 572 101 218 449 290 394 63 526 158
632 293 764 308 651 93 272 168 341 602 235 393 301 291 296 25 295 316 690 228 172 522 43 604 232 565 33 88 750 589 299 608 462 575 182 64 425 734 577 380 401 512 507 370 53 354 494 611 109 2 68 436 496 255 629 283 267 419 598 251 349 106 413 62 205 601 260 138 381 48 119 678 495 306 384 188 343 112 474 219 383 32
153 763 721 628 538 245 738 528 745 128 580 411 618 247 66 537 121 578 67 723 3 488 740 321 588 463 472 326 471 616 322 234 35 563 300 492 742 192 567 201 687 612 585 200 767 263 637 46 31 622 519 125 287 733 50 331 475 517 570 451 642 102 193 87 373 497 630 694 552 753 424 220 599 336 248 527 540 752 673 229 757 671 617 768 312 71 355 479 332 484 510 16 273 543 744 641 731 99 586 765 116 568 170 215 155 347 702 525 467 470 405 311 490 581
760 104 498 466 406 486 755 317 38 208 348 34 737 190 96 667 500 173 722 675 408 696 319 435 716 505 151 432 352 584 51 566 18 13 21 30 175 701 428 346 252 766 310 240 22 639 485 386 433 614 677 489 448 305 455 224 480 726 751
450 730 569 318 633 445 438 342 681 171 227 191 515 361 145 382 81 15 469 502 399 625 379 388 214 75 511 147 708 45 676 149 14 284 57 649 199 513 640 698 709 728 533 423 410 695 266 487 521 73 202 372 54 774 42 39 468 241 187 645 350 275 683 90 177 477 454 653 94 656 123 113 400 243 626 7 264 621 666 536 8 592 133 711 777 279 49 523 509 647 330 759 776 23 447 36 591 166 396 627 772 636 657 127 483 473 705 444 431 338 550 482 152 548 736 269 564 371 402 754 17 501 456 571 682 620 748
725 518 535 137 603 324 646 165 391 176 706 739 329 52 441 654 544 756 720 271 530 174 747 239 727 160 724 369 74 707 415 420 55 12 6 458 412 344 407 668 539 194 237 285 221 461 549 508 117 356 719 606 638 209 557
556 24 670 429 587 130 91 532 516 504 309 661 292 541 700 398 351 669 353 210 427 362 77 298 553 178 27 9 162 684 503 105 746 693 699 610 144 282 238 741 392 183 61 259 72 561 358 70 679 446 395 276 464 286 204 120 634 499 717 140 69 689 148 79 397 95 545 559 334 80 385 439 196 360 114 680 265 404 131 417 761 244 590 163 86 118 28 615 422 217 216 107 749 650 304
643 659 212 368 206 375 236 574 179 110 605 37 141 97 20 389 139 60 704 520 345 249 534 167 771 453 644 743 157
186 491 452 421 506 337 277 4 594 132 83 600 242 442 524
655 459 5 189 583 335 366 551 195 134 714 207 44 181 58 481 665 762 390 303 365 418 233 660 597 476 460 735 59 124 10 115 339 635 775 246 280 302 108 230 715 146 691 307 560 111 156 103 357 313 92 40 493 624 261 713 376 437 135 297 26 258 161 359 328 609 288 278 664 150 363 773 78 430 593 692 529 76 607 712 226 414 268 443 47 555 197 697
122 323 320 573 154 562 769 315 281 198 19 41 542 314 333 685 225 732 703 374 126 758 257
377 718 387 613 729 619 582 364 56 100 514 262 11 426 84 89 658 82 579 478 409 256 222 184 254 325 211 416 576 546 65 465 203 554 531 289 648 169 213 596 631 98 663 457 185 770 367 231 403 270 558 129 274 434 623 29 710 294 250 674 686 136 223 143 253 340 1 672 440 85 159 327
