2654
285 791 322 689 481 453 588 800 471 424 998 222 831 794 430 276 288 496 786 774 686 225 736 126 889 537 216 664 115 808 790 265 131 596 332 255 503 868 152 938 782 470 863 429 824 766 494 83
431 248 716 352 479 548 421 132 499 885 343 300 923 565 732 541 118 24 743 826 458 862 303 260 674 302 294 793 454 951 215 740 353 672 725 898 381 344 79 43 465 51 884 98 536 324 103 138 390 985 382 558 116 407
456 874 756 972 877 312 625 86 489 557 203 636 675 812 703 77 693 490 809 61 96 120 845 644 298 518 461 749 133 629 546 815 571 65 880 416 406
726 617 349 101 339 925 415 744 510 292 734 673 331 338 577 49 632 962 891 869 671 21 9 337 156 648 84 960 981 633 634 366 277 878 327 986 928 493 27 531 940 273 359 387 894 968 495 920 425 195 467 379 121 814 246 550 737 567 404 525 530 223 615 524 669 714
363 462 140 947 816 266 224 746 956 432 779 580 175 57 781 748 340 7 242 26 417 668 3 792 828 568 158 572 906 835 704 166 775 469 418 159 727 202 976 5 811 247 55 11 921 713 335 505 810 310 145 543 996 535 927 626 871 486 547
678 599 207 638 799 856 797 410 950 676 977 80 597 36 785 560 370 549 729 12 701 97 62 882 231 616 999 593 403 90 68 887 987 163 108 297 129 916 818 931 480 523 308 867 59 413 909 622 652 374 718 360 603 287 323 710 897 307 647 953 687 193 361 6 414 770 235
833 706 326 127 71 915 437 848 830 180 328 347 15 544 699 851 761 383 581 333 516 10 351 690 136 679 553 900 125 961 110 642 922 583 612 346 93 82 795 865 665 395 144 169 974 844 817 834 584 290 576 719 393 386 590 904 760
190 119 304 236 321 106 269 254 139 591 238 609 506 852 983 402 767 990 261 724 806 167 95 409 192 504 964 428 199 592 992 570 646 455 762 757
733 926 473 624 251 365 212 512 717 109 230 1000 850 211 369 319 658 271 105 585 574 656 94 443 47 411 160 853 692 293 980 670 426 578 485
870 759 661 501 358 452 720 965 610 745 902 606 91 371 150 589 611 552 373 930 765 64 29 492 259 32 174 839 607 401 955 502 784 936 623 776 88 422 954 250 978 289
474 700 857 521 122 914 768 117 498 186 46 384 573 38 155 849 944 819 780 391 515 284 427 600 837 613 1 682 949 539 966 608 561 147 971 398 272 657 348 511 399 187 598 478 262 209 34 33 522 846 377 107 256 25 283 376 113 123 362 653 651 969 829
742 545 697 100 185 329 778 929 491 316 663 311 903 919 722 448 350 275 433 445 879 662 777 264 232 472 78 939 997 752 604 124 747 330 783 556 356 893 975 267 705 204 840 773 341 56 982 890 170 18 372 912 75 69 198 35 92
559 602 218 19 314 151 594 563 67 595 436 378 984 233 13 963 258 112 500 227 538 842 579 688 807 753 354 698 649 53 771 988 696 801 691 601 907 394 825 933 855 181 50 408 396 712 654 257 789 841 244 514 459 821 182 313 249 206 183 509 908 342 37 148 440 758 16
832 475 614 400 194 70 754 685 220 731 952 526 306 31 802 989 146 566 620 619 575 295 803 85 942 487 44 392 81 184 380 533 229 241 76 917 441 695 451 172 438 63 957 681 667 630 702 711 534 54 918 847 228 888 444 208 274 660 529 555 161 551 419 22 788 281
296 627 715 66 738 876 162 728 239 823 134 214 157 30 178 946 89 796 165 434 423 967 14 253 892 279 683 177 542 28 540 934 895 286 488 721 196 375 439 8 640 655 189 941 935 804 102 221 173 234 42 357 405 993 336 959 143 958 943 519 466
709 805 645 750 464 707 435 843 99 318 315 680 866 270 291 240 483 128 621 449 111 72 237 104 87 910 995 153 176 210 858 896 226 389 562 739 58 468 769 412 200 4 137 217 205 517 875 820 197 881 325 899 309 864 41 735
798 446 450 345 528 457 268 813 23 527 905 861 755 317 191 299 476 442 388 901 17 587 860 641 994 305 991 586 677 872 280 48 639 730 130 74
772 637 114 751 52 741 368 497 643 723 460 252 618 171 385 564 482 859 924 838 164 420 763 484 520 367 142 334 883 477 513 948 836 141
708 397 787 507 913 911 60 2 970 355 659 39 447 154 135 20 605 243 628 582 684 569 263 45 932 213 532 635
201 463 168 822 149 979 666 650 873 188 554 320 973 40 219 854 179 278 245 694 282 631 73 301 945 937 764 886 364 827 508
