335
1 253 250 403 770 184 211 546 409 203 325 256 579 98 289 213 457 465 270 558 294 56 478 89 254 613 129 185 596 631 686 231 274 710 426 663 65 648 554 222 84 100 729 582 364 658 169 367 143 340 672 262 718 82 531 619 377 11 514 416 576 387 434 674 29 136 223 623 85 327 440 159
2 629 109 255 496 598 267 349 68 251 413 436 24 670 188 587 130 292 532 343 474 516 138 112 601 205 381 495 210 351 353 427 669 298 553 306 383 504 661 429 556 541 398 32 48 678 119 309 384 106 62 260 700 91 362 219 283 419 77 178
3 563 740 192 247 578 463 472 471 588 616 102 201 637 300 321 519 642 527 671 753 622 768 694 16 540 122 490 355 543 405 470 525 568 702 586 479 752 116 467 581 323 155 170 215 347 744 193 617 630 287 424 552 765 67 488 312 599 331 517 767 687 311
4 83 132 506 442 345 101 572 743 186 491 337 394 421 157 242 277 644 167 771 20 236 574 37 218 142 520 110 688 212 375 643 659 60 249 453 594 526 97 141 389 605 704 452 600 63 547 449 662 158 290 179 206 368 139 534 524
5 209 365 762 59 124 303 460 476 461 655 195 246 638 10 58 665 189 583 44 714 181 207 551 55 407 412 74 530 221 508 329 739 174 707 237 539 557 668 720 165 756 239 727 544 420 747 706 324 603 646 6 415 549 52 160 176 441 606 719 271 369 391 117 459 654 366 660 775 137 518 535 725
7 350 8 243 113 177 123 626 645 396 431 627 636 705 23 36 523 49 330 647 776 94 400 656 666 133 264 536 279 509 269 548 473 477 711 275 621 653 759 90 447 591 592 371 550 564 127 166 657 444 777 402 338 482 736 772 187 683 468 501 682 620 748 571 754 152 483 456 17 241 454
9 162 252 489 22 238 699 684 614 503 741 27 190 500 716 317 486 466 406 746 13 408 352 584 208 667 319 505 566 30 701 175 386 51 151 435 675 432 240 18 96 348 737 21 428 346 433 448 639 677 485 34 722 173 204 38 310 766 696 104 760 498 755
12 285 356 233 194 724 280 302 715 339 735 635 390 307 115 335 481 418 597 344 26 357 609 624 430 664 40 493 313 92 261 161 359 713 437 135 226 414 692 76 78 150 328 712 555 268 443 363 376 288 773 529 697 146 156 560 230 103 111 47 197 258 278 593 297 691 607 108 134 458
14 75 214 698 199 284 266 168 293 632 393 296 15 316 81 502 126 318 225 299 569 565 604 93 703 235 602 374 227 198 651 57 388 649 676 191 681 633 257 333 758 342 445 730 685 39 54 774 42 73 695 45 149 379 511 171 410 423 640 709 202 372 487 521 145 382 708 147 361 625 399 533 728 513 438 732 450 469 515 19 562 320 33 43 154 232 573 41 315 281 769 314 542 25 301 522 690 228 295 291 88 172 53 401 507 512 462 750 589 608 64 734 380 182 425 272 341 308 764 577
28 244 590 761 80 61 276 395 95 499 69 120 358 86 163 360 265 417 559 70 446 464 679 79 334 282 259 634 72 140 717 148 286 392 183 610 131 404 385 397 545 439 689 561 196 680 422 615 105 217 650 304 749 144 693 107 216 114
31 46 263 612 570 475 99 332 35 234 121 528 628 128 411 721 538 245 738 326 537 50 200 322 618 224 480 726 595 751 723 336 451 673 641 731 71 229 248 373 497 492 125 757 220 87 567 354 370 585 733 575 305 455 611 742 494 66 580 153 763 164 378 180 652 745 273 484 510
118
