3048
968 952 951 904 976 992 964 936 953 901 938 975 973 922 977 905 912 940 974
917 914 942
950 935 955 999 989
980 961 918 937 978 941 996 928 929 911 909 931
970 908 981 1000 972 959 919 926 967 983 946 910 986 948 969 915 987 956 993 934 925
966 971 962 927 997 924 920
916 939
872 107 82 189 790 408 18 491 617 624 438 611 406 397 612 229 464 412 567 259 76 94 249 399 66 531 773 111 285 509 680 86 320 92 608 636 514 328 840 512 537 80 692 187 37 650 243 427 561 758 684 9 644 565 88 356 700 411 325 268 703 698 431 527 376 81 645 540 595 884 60 240 523 841 559 369 767 123 333 794 554 642 346
748 281 621 413 433 311 264 374 819 256 87 566 614 584 56 629 750 786 277 455 740 423 762 846 13 486 313 738 375 557 422 718 316 678 741 317 662 279 755 222 228 321 74 254 380 831 792 548 452 656 596 404 146 467 314 215 395 230 719 65 387 14 294 801 582 852 598 157 473 789 137 216 756 476 384 164 782 246 824 35 368 358 726 814 454 623 576 28 5 10 126 880 827 812 365 746 780 484 207 800 483 549 487 43
923 958 921 963 913 984 933 957 960 945 943 954 930 994 988
990 907 932 944 906 985 995 949 979
991 947 998 965
472 130 39 689 533 389 139 17 90 507 885 150 802 432 808 40 255 570 569 506 720 769 379 876 858 503 693 524 517 121 453 637 541 115 247 817 861 315 338 730 633 896 462 460 318 891 173 63 198 117 38 334 793 591 322 238 714 78 418 877 319 553 71 796 729 809 378 771 217 456 749 99 213 33 331 495 181 761 783 873 237 630 180 799 778 671 261 50 450 160 675 627 815 526 172 607 605 699 398 681 54 461 882 166 661 666
982 903 902
192 865 788 449 231 522 129 753 52 579 867 16 806 588 191 194 494 175 113 868 887 488 100 154 394 4 481 134 888 470 774 889 881 581 201 585 305 853 757 428 439 353 536 149 114 848 764 131 842 234 169 289 252 182 140 451 396 448 706 822 440 51 690 302 564 593 119 525 803 276 310 516 153 330 864 708 3 837 158 562 392 862 441 724 609 728 19 424 283 471 652 743 93 15 477 734
156 600 206 292 20 112 832 879 601 400 342 797 532 221 890 236 475 210 109 47 168 687 272 419 401 482 270 498 575 133 759 721 550 142 165 161 673 218 543 176 223 12 860 177 752 385 586 850 34 602 632 323 58 148 242 152 108 855 580 174 188 653 781 367 420 497 775 61 674 269 300 499 619 98 805 597 44 224 628 332 212 501 511 197 73 308 825 849 818 429 416 723 465 337 813 25 403 878 299 663 843 604 248 31
466 383 578 211 835 144 839 21 670 55 640 193 622 747 657 886 710 883 186 445 286 866 436 42 352 829 893 665 49 83 660 225 659 447 233 544 1 26 590 155 415 572 95 616 7 282 667 520 895 351 370 847 571 390 393 347 251 6 205 737 405 208 11 345 810 303 510 869 493 695 528 892 145 534 577 863 830 795 253 635 568 519 97 686 105 552 245 143 125 844 184 804 373 79 871 457 851 425 273 339 654 521 717 485 766 615 348 29 807 589 500 626 280 185 770 204 278
203 479 631 214 587 502 899 547 417 89 136 377 57 421 504 27 69 490 364 668 735 349 122 513 48 711 70 599 293 648 555 655 232 275 480 102 414 23 159 535 336 85 350 468 574 72 391 768 529 679 677 900 688 195 241 649 643 64 296 344 343 274 135 638 437 779 777 742 787 594 606 712 357 307 785 106 219 702 103 434 22 823 459 298 326 856 760 239 444 592 388 262 141 220 776 870 306 202 267 366 539 639 833 426 669 110 410 474 646 138 763 329 46 732 556
784 651 127 196 68 171 162 446 701 257 573 75 736 382 24 836 430 583 124 505 183 290 263 363 372 859 834 360 791 132 634 36 530 492 291 407 551 610 199 603 707 838 163 739 200 772 613 170 41 765 120 84 826 354 647 295 489 151 894 563 469 641 341 260 244 515 816 287 266 402 284 727 101 359 53 227 716 301 672 676 682 725 820 558 713 45 59 381 845 897 118 335 744 362 694 875 361 625 751 463 386 67 304 30 265 754 664 309 715 209 874 409
355 250 96 327 116 696 147 340 560 798 62 705 443 620 542 32 297 178 546 709 821 518 704 271 508 683 722 731 538 898 828 258 77 745 685 2 371 235 167 435 8 288 104 733 442 226 697 190 811 458 179 128 324 658 618 545 91 854 312 691 496 478 857
