2864
1 292 784 372 789 186 314 343 49 297 555 57 85 69 269 285 333 145 517 638 232 276 563 838 231 236 799 955 400 950 3 866 669 25 134 502 67 817 819 213 175 394 422 88 115 574 704 891 296 842 500 833 251 344 486 532 701 916 384 331 896 974 147 180 370 777 951 469 351 559 841 906 32 806 36 791 425 946 556 328 62 84 302 390 497 664 988 40 409 551 423 687 759 190 350 686 847 253 55 193 58 319 87 373 196 462 978 692 932 210 279 564 284 458 677 50 61 120 310 810 851 519 577 631 848 103 987 223 245 544 655 165 470 660 172 389 419 614 515 735 680 711 91 998 371 438 767 523 348 716 404 546 163 751 197 921 521 889 744
2 774 570 809 12 670 527 427 471 64 444 693 807 831 358 645 191 266 499 320 382 45 293 992 73 673 933 101 258 742 705 583 630 644 814 321 360 956 311 454 446 478 579 749 895 757 474 571 31 962 508 495 136 763 436 315 790 661 948 925 406 42 410 752 46 150 480 452 483 982 634 66 107 312 161 959 148 973 155 568 322 858 542 591 829 947 246 280 411 187 264 511 632 854 881 736 926
4 102 59 748 610 212 823 290 658 289 635 74 674 164 756 188 844 92 731 105 865 466 531 930 378 682 697 771 622
5 408 695 945 263 893 525 738 52 750 198 342 922 802 453 723 613 699 690 996 54 984 496 952 582 873 796 114 448 967 182 997 368 625 604 830 10 975 671 405 65 295 305 792 124 286 629 815 980 247 476 606 608 867 846 597 29 254 479 666 758 656 840 598 755 654 892 110 492 485 567 721 929 919
6 870 152 244 283 259 541 326 550 11 215 488 399 22 743 964 530 903 576 991 268 786 602 668 637 940 824 435 787 16 26 826 741 81 179 993 278 491 185 298 911 864 365 41 149 788 437 717 307 127 761 440 17 414 361 509 850 715 663 983 39 169 377 299 816 685 125 696 432 146 460 426 657 746 468 549 596 417
7 167 464 68 131 510 141 34 857 143 837 904 108 416 475 439 832 923 257 651 407 646 376 766 539 839 714 785 860 451 8 71 248 398 63 526 843 676 24 513 516 969 47 675 461 428 888 227 773 770 334 724 455 329 569 863 827 966 928 28 581 990 522 957 90 281 316 130 162 288 594 971 116 995 871 942 241 338 793 760 754
9 379 456 21 545 880 834 872 636 445 739 96 237 618 745 762 885 33 174 273 633 282 776 340 498 561 176 862 380 775 918 18 173 953 113 206 192 159 189 524 449 308 901 37 835 104 60 465 506 678 194 199 349 552
13 601 605 910 913 170 226 900 878 261 941 98 603 689 963 303 126 43 617 772 332 82 200 855 202 327 391 647 733 78 83 897 392 628 27 177 481 97 797 898 713 158 355 965 347 431 859 467 154 375 650 573 209 712 250 688 20 112 611 135 239 23 277 364 547 543 820 95 653 683 726 117 442 619 109 836 181 122 374 937 607 51 902 434 330 540 590 894 317 393 924
14 217 207 211 514 822 111 899 800 905 489 274 396 958 195 201 578 612 943 224 430 424 627 566 805 536 291 383 856 624 648 403 812 586 397 732 30 934 75 534 584 876 156 415 504 778 944
15 318 562 804 659 133 989 828 429 168 853 260 580 325 587 970 218 388 44 875 585 242 336 620 204 722 275 19 53 339 505 737 588 879 157 538 768 803 912 160 765 575 981 38 794 72 256 1000 270 183 718 565 845 747 961 825 121 352 780 868 346 353 734 533 907 572 707
35 137 243 271 909 367 667 56 138 592 252 960 463 387 441 621 76 287 494 203 877 968 214 385 208 954 99 402 345 520 366 537 233 639 234 652 421 412 795 999
48 443 356 595 640 184 890 801 337 359 381 265 313 972 450 781 447 457 118 477 783 914 228 230 811 507 249 672 936 433 262 306 503 665 220 501 557 869 615 883 139 142 702 216 323 304 369
70 106 642 753 935 267 725 616 123 221 529 769 401 77 818 144 341 205 473 681 938 528 684 609 554 641 86 703 300 553 700 977
79 708 362 560 363 821 219 558 931 719 309 798 490 512 599 600 887 643 764 740 908 949 493 132 272 238 294 301 153 976 487 548 710 178 852 662 779 884 386 927 418 413 649 80 886 171 535 915 694 727 917 93 235 679 89 395 861 335 698 808 849 128 730 985 255 593 357 623 994 986 874 94 100 420 484 939 240 813 709 720 354 589 728 482 691 782 119 222 882 129 459 518 140 166 229 472 706 979 920 225
151 324 626 729
