2600
38 59 635 1000 289 697 256 961 747 748 183 378 682 565 718 658 72 845 353 794 290 270 907 4 164 610 212 533 209 346 771 250 102 92 121 731 756 865 823 780 712 688 352 930 707 467 466 573 868 531 105 825 154
950 400 612 938 943 606 552 648 195 575 624 812 789 199 194 578 383 403 343 18 953 608 856 506 955 799 867 597 372 201 236 60 349 476 292 173 802 784 465 473 58 678 922 846 681 198 52 231 835 319 210 405 750 458 879 571 279 505 37 677 564 45 339 705 104
999 412 140 129 795 229 357 459 518 89 472 395 706 114 166 255 623 979 667 367 225 994 604 830 909 917 385 986 271 171 535 709 679 813 240 354 495 589 436 915 720 782 136 80 886 763 962 691 508 482 100 31 939 509 871 854 881 63
269 848 85 314 655 186 517 103 333 456 379 544 145 638 636 57 285 69 310 340 519 297 49 561 498 851 232 61 50 577 555 618 120 810 987 633 745 276 174 223 704 834 192 273 891 885 762 631 245 422 175 113 206 88 545 1 563 115 880 21 394 282 389 739 515 838 445 660 172 872 574 33 819 159 817 296
654 254 975 892 755 598 980 479 10 666 945 247 305 65 815 295 671 124 629 286 792 873 5 690 695 656 796 408 738 582 996 723 274 536 958 342 453 627 14 566 805 396 893 525 424 263 217 899 905 266 430 800 360 111 224 956 207 514 822 499 211 320 191 489 291 774 570 397 732 12 474 446
187 546 619 653 442 767 180 117 559 841 197 511 438 351 543 889 135 521 20 125 921 179 611 906 491 696 744 820 112 239 547 81 23 39 26 278 299 169 364 993 741 298 277 413 16 911 826 433 443 365 377 924 595 507 864 48 663 685 788 640 717 870 356 414 149 437 307 41 811 381 230 228 323 6 216 185 460 359 265 118 477 914 936 313 783 468 249 447 440 369 972 549 596 801 890 672 337 184 127 761 457 304 417 142 139 615 557 781 869 702 450 220 306 501 883
188 327 647 898 200 97 797 202 393 391 317 82 96 590 713 43 855 772 9 894 897 540 902 262 177 628 481 683 74 726 617 734 51 27 674 665 332 434 95 330 392 126 237 503 303 963 844 181 689 603 98 643 158 918 931 859 558 941 605 949 355 219
840 444 758 64 670 382 29 919 471 948 401 427 315 790 661 569 485 480 721 567 406 827 966 925 110 863 492 929 787 537 421 652 234 398 860 8 928 785 248 639 676 233
213 833 67 500 680 83 842 946 165 425 78 470 669 25 134 735 866 614 3 711 331 411 62 502 384 556 280 419 84 974 486 733 896 251 469 344 374 916 998 163 91 937 951 701 371 532 777 370 122 988 716 390 607 664 404 348 147 751 523
30 2 527 579 645 934 454 478 584 586 809 749 358 75 831 534 944 778 311 757 752 807 156 415 876 504 759 693 616 687 528 684 553 123 935 300 221 769 725 423 700 609 409 267 529 106 77 86 703 753 818 341 642 554 144 70 205 977 641
13 965 109 836 347 887 862 908 176 740 764 600 719 431 585 170 601 261 512 910 490 153 226 776 380 386 976 900 775 798 418 309 927 878 493 587 599 487 913 308 548 708 901 17 649 336 524 973 361 821 694 829 93 363 148 449 983 420 160 322 765 484 727 632 568 850 715 728 189
588 978 814 284 87 293 895 644 155 328 932 53 462 373 19 613 258 992 692 742 630 952 583 737 196 699 625 729 947 36 673 302 933 182 847 324 101 32 73 626 806 368 246 997 190 686 448 984 791 350 551 496 858 321 967 54 591 253 40 497 42 235 410 542
942 736 926 264 94 526 760 793 959 995 338 746 116 634 161 312 657 241 107 816 432 66 150 426 483 452 146 46 982 581 28 268 90 316 990 162 281 957 786 541 522 259 550 326 130 940 637 971 668 594 193 602 288 152 55 283 824 215 22 488 244 399 743 11 530 991 576 903 964
650 710 572 325 375 852 659 294 875 622 580 260 884 133 722 44 301 970 562 779 204 272 804 178 15 989 132 429 79 275 318 242 662 168 768 853 828 238 620 882 698 222 362 560 874 912 218 388 803 808 920 119 730 538 157 128 985 849 981 151 593 861 335
71 243 435 345 366 513 520 35 904 24 387 839 402 646 516 137 257 969 714 539 651 724 99 960 837 451 843 141 252 167 857 56 34 334 464 407 621 766 592 441 968 439 7 138 203 376 463 923 143 832 131 888 510 773 227 877 455 461 428 675 770 47 68 416 214 475 287 108 754 76 954 208 329 494
