1746
1 590 155 847 6 571 390 810 807 29 204 143 500 193 393 83 286 282 667 186 225 405 510 795 485 21 352 233 251 273 766 804 635 892 577 844 519 534 695 615 54 398 799 198 896 125 208 626 145 278 348 493 528 470 881 581 729 835 882 129 191 522 868 887 670 883 893 2 371 478 506 167 190 226 442 458 557 755 33 78 289 379 637 334 591 876 281 324 662 862 629 149 451 315 570 693 720 316 321 8 792 455 740 738 769 35 579 100 216 404 365 546 678 831 789 888 889 88 559 767 235 683 327 340 620 150 691 312 496 808 90 453 885 115 472 545 255 318 495 809 77 828 857 104 704 733 179 811 689 123 369 794 250 443 696 685 508 722 117 891 503 247 338 319 553 17 91 697 130 854 658 139 618 517 62 642 798 560 745 709 821 147 178 258 271 898 288 538 731 32 540 841 703 482 80 81 376 705 297 128 518 168 400 50 873 793 322 418 71 466 630 815 160 261 675 710 166 331 783 211 661 861 181 213 461 605 699 526 185 869 345 253 686 830 415 622 347 866 445 770 18 94 111 249 243 650 20 292 890 47 156 797 37 76 680 229 612 397 240 346 595 684 268 356 700 259 567 636 92 512 561 692 644 107 189 617 66 328 840 542 3 169 119 564 539 594 785 158 298 712 68 736 75 106 357 856 434 241 763 735 122 391 513 137 814 358 377 582 623 452 467 392 609 743 487 15 93 734 24 701 263 290 791 183 257 363 583 162 171 784 170 551 424 562 19 728 153 382 441 652 124 834 573 836 196 430 651 477 505 859 633 222 422 53 101 359 897 227 713 209 715 265 751 304 576 812 479 483 57 780 492 707 402 641 530 613 739 894 151 341 816 375 756 725 284 515 473 824 7 330 283 516 302 863 708 114 848 864 440 706 471 724 837 276 310 690 131 842 764 428 757 140 448 182 803 396 593 536 853 525 11 552 280 205 373 568 589 851 744 845 260 682 301 558 381 820 727 26 97 737 895 351 520 544 49 640 657 172 245 303 457 370 407 616 36 610 132 360 163 469 603 84 200 291 838 127 446 287 765 354 489 634 771 730 30 335 362 875 67 664 309 361 42 754 747 627 681 886 118 386 625 180 778 38 45 694 409 463 874 59 672 266 716 199 772 647 295 826 372 563 5 203 364 490 368 27 89 421 504 43 827 207 549 631 64 599 476 668 138 638 388 529 239 742 102 480 214 417 343 688 22 459 46 48 293 711 782 12 174 188 805 580 61 374 584 108 152 850 224 781 673 228 423 846 614 628 299 723 501 300 511 13 14 74 750 56 73 332 825 269 597 604 176 860 550 380 719 748 65 294 384 126 598 852 746 313 762 279 413 9 187 264 527 325 60 96 116 355 431 698 311 566 741 82 509 438 464 608 790 86 537 411 758 333 554 565 109 206 879 221 342 600 601 435 523 884 645 230 254 387 454 596 484 548 112 320 427 285 408 773 406 611 433 819 621 215 246 314 412 34 148 58 752 177 543 218 475 161 721 575 491 832 401 759 142 272 687 586 236 270 498 532 87 277 146 395 718 486 165 385 210 256 786 726 25 403 31 818 674 855 98 420 497 242 212 619 248 843 416 849 337 429 465 72 336 85 159 296 344 468 202 307 535 555 592 768 643 800 110 833 646 219 262 776 777 274 900 136 655 547 648 349 141 366 426 639 437 350 677 760 474 574 787 669 41 120 244 676 103 556 267 306 823 220 326 606 39 541 460 173 462 217 378 877 632 653 802 533 858 79 654 871 105 660 383 572 578 665 796 829 55 144 436 666 63 238 714 761 817 40 569 197 524 432 44 308 223 121 507 389 323 367 499 775 602 133 419 663 813 878 95 659 447 839 99 237 671 450 456 749 607 184 717 339 425 521 4 494 192 449 231 113 394 753 175 194 865 806 16 154 201 822 252 234 585 51 353 134 481 774 305 439 788 23 679 52 488 588 70 232 414 135 444 329 732 870 195 779 587 899 867 10 502 69 164 656 801 157 317 28 880 275 410 702 649 399 624 514 531 872 902 916 939 997 937 961 980
901 974 973 914 942 917 940 955
903 982 981 995
904 951 952 936 975 938 992
905 977 912 922 968
906 947 990 999 924 927 932 979 907 944 923 991 958 959 963
908 1000 921 933 984
909 911 929 928 931
910 948 993
913 943 954 945 960 957 988 994 919 986 987
915 956 925 972 983
918 941 996
920 965 998
926
930 970
934 969 946 949 985 967
935 950 989 962 971 966
953 964
976
978
