2531
41 58 269 22 150 216 117 50 93 78 302 25 175 298 242 330 138 28 226 42 143 168 270 314 300
348 355 96 31 49 200 213 195 231 271 29 151 90 124 212 181 193 134 144 283 162 1 267 75
36 136 4 220 321 145 350 186 287 84 320 24 157 147 266 194 299 12 251 289
206 140 214 246 228 59 278 3 317 198 163 316 172 344 311 79 233 72 173 335 297 161 54 305 357
207 55 179 60 351 215 127 70 354 273 303 109 32 105 104 23 306 204
326 218 101 5 20 125 187 227 97 327 47 19 268 219 56 16 237 99 122 91 293 120 185 88 66 276 83 339 164
68 239 180 337 159 197 89 313 37 349 245 9 73 342 87 129 280 98 11
318 338 106 76 116 63 131 241 263 188 178 205 74 277 221 82 230 334 236 171
45 325 262 333 95 69 108 152 202 256 282 254 6 234 264 223 40 250 296 15 137 324
17 310 307 295 119 27 2 196 38 114 13 33 48 10 92 235 304 34 190
209 225 67 174 169 340 358 43 8 309 86 217 112 170 123 243 167 81 71 160 199 203 336 224 322 343 121
238 107 85 208 288 292 328 346 252 103 133 240 345 356 332 182 261 80 132 260 61
130 52 279 156 142 255 18 290 312 272 294 44 257 308 53 232 102 315 35
65 347 247 284 115 319 253 244 275 113 26 301 286 57 258 139 201 149 183 211 21 189 153 155 353
62 249 30 329 51 248 39 265 135 210 281 64 192 166 46
111 165 222 274 77 128 100 229 352 110 146 154 291 14 184 118
158 7 176 191 177 141 148 94 285 331 126 259 323 341
