263
1
2
3
4
5
6
7
8 35 197 319 261
9 12 18 11 13 19 28 29 47 31 17 20 42 49 14 24 25 26 23 38 45 50 62 65 73 75 64 60 61 63 97 108 55 56 80 46 59 129 134 78 84 106 85 115 122 164 137 141 165 172 220 231 271 311 313 189 229 255 256 263 294 336 325 215 227 348 79 91 90 114 144 83 104 116 155 174 166 216 219 243 232 244 230 103 214 133 135 163 228 264 278 312 136 154 206 207 51 81 92 109 68 71 72 76 70 107 110 125 132 151 152 194 199 128 180 139 142 147 112 117 94 159 161 173 191 210 221 285 316 279 247 249 315 337 296 237 307 355 326 318 238 308 366 367 378 436 388 415 437 443 423 398 99 130 123 124 131 138 111 126 158 146 192 222 224 211 234 223 236 280 198 208 245 257 265 284 266 322 297 272 295 305 340 343 351 150 175 185 169 184 209 157 176 177 193 190 233 246 248 250 298 299 317 344 345 267 321 113 160 179 188 195 178 225 187 200 213 217 253 118 140 202 203 204 226 153 201 212 181 182 34 95 100 98 101 143 162 183 44 69 52 74 77 89 96 67 53 57 102 121 149 66 82 196 242 205 241 240 303 390 395 458 412 420 467 269 290 330 393 270 302 309 362 276 332 374 428 450 462 239 260 252 286 288 329 338 370 406 346 356 371 331 347 289 300 358 275 283 291 282 339 373 394 399 426 444 446 439 452 468 455 459 411 416 324 386 375 385 323 384 400 401 417 427 440 407 410 445 447 10 30 43 39 48 88 87 119 127 120 41 105 86 93 148 145 168 156 170 186 235 167 306 327 354 328 383 314 320 341 342 352 254 258 259 251 281 274 287 301 357 372 418 409 432 171 419 273 262 349 408 277 310 304 363 387 350 424 433 334 335 359 376 364 413 421 435 429 360 403 365 397 422 353 369 382 389 392 405 361 380 381 430 431 442 391 425 368 379 404 377 441 461 473 488 489 466 472 483 477 476 484 451 460 464 456 471 453 454 470 492 493 499 475 482 438 448 449 457 474 480 491 496 486 487 485 501 505 481 503 506 478 490 479 494 498 495 497 500 504 502 22 32 36 218 268 292 293 396 434 469 333 463 414 465 402 15 16 21 33 37 40 27 58 54
