2728
137 153 949 587 326 257 531 56 934 351 366 353 382 734 123 107 705 754 129 88 259 623 273 749 478 405 626 449 828 565 120 959 23 961 827 368 199 629 717 779 772 281 301 215 235 434 244 504 109 684 530 642 916 321 505 157 194 796
707 448 672 806 599 131 483 515 15 43 517 412 855 895 873 908 503 960 160 926 815 243 347 395 314 649 638 313 510 27 280 320 748 304 355 80 653 564 905 880 911 925 203 952 654 812 615 221 127 389 550 518 637 726 780 848 822 151 37 670 752
969 370 377 436 664 343 404 94 283 730 819 787 588 21 38 248 516 331 32 718 327 364 444 143 190 715 104 426 900 209 167 501 227 901 836 745 644 58 933 51 920 336 452 344 251 197 892 399 111 105 217 525 563
818 821 85 407 334 739 686 650 939 541 48 189 737 237 871 947 25 149 219 906 466 348 675 731 406 632 18 709 703 192 93 5 612 479 128 801 704 410 150 178 559 459 82 759 201 83 294 872 144 789 507 485 725 225 888 660 942 746 678 450 303 627 602 403 388
198 849 252 275 742 44 846 774 576 839 97 480 247 415 890 896 809 216 316 589 186 81 346 68 886 658 810 30 187 617 482 924 481 2 277 224
95 75 207 570 342 795 614 527 74 349 618 427 575 583 36 544 514 692 84 310 706 964 181 226 100 611 581 616 218 842 738 175 6 962 856 894 262 292 164 455 932 487 770 898 777 690 936 297 764 948 578 661 832 802 729 361 14 966
902 528 305 571 914 803 502 295 356 282 912 473 624 467 823 807 231 418 954 965 45 469 132 778 383 124 651 308 409 512 656 470 98 798 631 177 756 636 472 333 592 9 54 539 57 255 910 536 844 365 180 736 793 542 477 358 645
657 340 430 69 22 500 210 108 246 103 220 70 269 640 879 306 683 140 495 223 634 28 506 414 804 857 761 816 115 116 937 142 239 891 790 556 62 378 671 766 398 641 376 419 424 558 291 534 586 256 413 318 490 373 234 176 765 240
230 532 831 52 387 40 943 753 591 119 877 184 728 31 775 263 341 918 915 868 42 323 837 457 92 55 158 12 826 944 286
909 73 319 883 312 317 546 86 101 420 702 584 700 843 338 454 941 788 867 133 945 267 606 668 865 446 474 196
727 193 67 379 65 876 719 791 208 811 655 122 148 90 713 794 783 249 433 7 35 577 437 163 126 311 435 553 659 188 76 557 489 935 679 302 60 179 213 371 285 593 951 561 110 173 523 967 833 205 369
677 172 87 268 24 744 392 396 722 146 773 555 721 456 63 922 874 695 322 625 260 621 345 428 141 442 41 162 391 540 96 117 460 113 711 858 732 805 491 568 526 1 963 462 165 471 927 139 799 613 549 204 598 161 513 296 375 899 468 494 610 834 386 723
694 431 747 669 552 156 16 847 781 688 238 476 950 130 551 808 604 813 768 136 605 135 78 693 708 212 800 603 820 385 438 755 170 938 885 484 266 39 394 112 183 712 968 893 580 363 439 325 245 724 838 91 47 250 114 907 274 488 956 289 919 298 147 763
573 390 66 8 492 422 929 380 509 601 134 279 360 866 562 864 620 520 337 666 400 579 49 185 241 673 232 29 195 416 287 590 946 750 545 903 367 884 597 519 840 743 293 733 647 547 825 628 384 771 17 769 635 889 359 423 397 264 782 608 329
284 797 931 851 498 441 10 99 676 354 824 315 214 300 699 451 554 168 786 845 953 465 543 182 233 59 417 307 299 3 496 174 720 254 860 897 698 714 26 72 852 863 875 169 106 862 362 445 887 741 486 600
524 393 290 662 560 609 835 357 242 464 401 33 869 923 689 138 206 425 374 665 145 271 940 34 921 278 633 211 381 432 46 461 648 533 521 458 118 701 11 697 79 682 639 691 272 440 548 339 607 917 50 596
535 572 567 595 574 411 328 64 859 324 667 784 529 508 265 511 159 497 121 878 854 152 663 674 61 350 443 735 850 652 253 258 155 4 582 53 710 89 882 408 853 817 758
594 740 913 71 202 767 630 776 261 429 229 716 569 680 566 288 760 881 829 619 372 332 335 222 228 13 681 200 622 958 685 643 493 785 125
270 20 538 499 447 276 762 841 928 330 171 955 352 102 402 830 861 154 687 475 751 904 19 166 191 522 77 537 957 792 463 757 814 421 646 870 930 696 585 236 309 453
