4000
6 5 7 4
2 3
1
36 32 115 22 218 78 51 92 81 106 164 122 85 109 84 137 94 161 46 159 210 221 70 71 72 191 134 76 68 59 139 173 67 77 125 8 172 215 197 110 23 27 199 58 45 129 74 152 38 165 141 194 16 128 107 151 220 142 89 180 147 15 52 189 44 132 55 214 112 69 117 35 96 184 209 103 14 178 50 12 169 143 33 62 56 150 21 175 190 225 193 91 183 188 61 185 9 80 75 18 37 113 82 73 40 179 24 97 177 162 216 90 195 176 63 65 108 219 144 160 66
233 231 232 230 229 228 235 234 227 236 244 248 245 243 247 249 246 257 256 255 263 262 267 265 266 264 271 273 272 277 279 278 284 285 295 296 297 293 298 294 299 305 304 306 310 317 312 311 313 318 316 315 314 320 322 321 326 325 336 337 333 334 335 343 342 341 344 340 345 348 351 350 349 352 353 359 360 361 369 367 366 364 368 365 363 379 377 378 376 381 380 387 388 391 398 397 396 404 402 405 403 408 414 413 415 421 423 422 424 425 431 430 429 433 435 437 434 436 443 442 441
498 280 473 281 382 392 409 432 327 383 250 354 474 251 307 446 237 444 494 328 355 389 426 465 346 410 258 406 308 491 447 268 496 445 238 338 459 407 504 259 329 370 438 505 371 356 480 287 274 485 252 357 286 448 289 301 288 300 239 253 411 358 260 449 330 457 501 500 393 497 331 372 394 439 455 416 347 290 282 486 399 468 254 275 427 283 384 291 417 373 495 269 302 418 452 487 276 332 419 270 339 323 374 481 450 362 309 428 462 440 400
213 79 100 95 157 114 64 187 166 174 200 34 28 54 131 60 98 155 217 101 13 29 123 196 47 26 11 211 201 124 83 138 130 181 158 53 126 102 99 31 19 202 25 140 118 212 198 203 49 149 153 104 111 116 57 226 204 133 223 154 182 208 88 48 146 87 192 20 119 222 136 121 17 224 205 207 127 42 206 10 135 163 30 39 156 120 170 145 41 43 186 168 105 171 167 86 93 148
451 453 454 456 460 461 464 463 466 469 471 472 470 475 477 476 479 483 482 484 488 489 493 492 499 502 503
240 385 375 324 401 241 506 386 420 458 395 261 490 390 412 303 292 242 467 478 319
