2521
1 608 522 46 768 38 284 949 122 384 179 188 278 631 945 25 399 187 34 107 651 209 117 849 474 508 837 700 886 827 348 357 958 627 823 895 650 943 33 829 113 262 283 539 123 256 376 657 186 498 398 147 561 377 362 969 478 966 515 598 653 272 391 682
2 289 547 595 507 502 397 20 582 698 988 45 135 213 628 932 125 136 761 93 728 738 796 178 214 817 904 144 590 296 795 974 984 996 180 347 915 635 333 851 665 865 37 900 844 396 712 801 907 771 408 933 963 257 514 48 696 855 313 509 476 639 394 459 908 3 568 57 491 947 778 748 779 311 722 903 445 316 363 879 557 395 432 145 535 921 159 543 247 810 976 346 516 383 583 314 71 833 544 553 679 922 642 110 351 834 127 589 328 720 661 235 361
4 119 210 99 318 237 910 739 429 470 680 990 52 741 751 167 592 428 757 762 114 455 236 609 95 724 646 199 992 504 772 115 496 503 126 537 252 497 723 637 460 618 643 420 520 596 424 139 852 190 276 774 402 983 570 471 588 889 786 58 513 141 545 185 153 315 128 449 483 843 863 645 291 131 225 265 270 412 896 858 562 875 750 805 824 938 868 435 59 909 603 129 385 482 838 859 334 367 477 924 484 171 564 368
5 418 727 26 55 811 166 572 469 13 500 67 47 658 271 850 624 798 905 860 901 109 585 212 512 733 268 299 813 446 280 587 211 926 426 853 17 317 345 457 527 305 872 602 160 574 369 293 485 717 411 656 251 319 365 94 586 528 980 578 692 994
6 193 897 953 323 710 374 652 718 287 307 600 613 971 511 414 914 68 987 108 846 308 867
7 781 175 379 956 335 531 737 828 41 121 864 200 309 84 960 981 337 277 928 327 366 878 493 891 195 814 968 246 567 292 744 331 673 962 21 648 505 734 202 906 713 835 559 106 816 266 767 506 238 792 261 806 964 224 9 633 634 577 632 869 101 349 726 338 415 510 339 617 925 49 671 27 425 940 156 359 273 495 986 223 525 669 467 550 920 50 343 118 148 342 112 181 354 601 807 182 821 688 206 654 440 233 753 538 486 758 130 730 310 191 450 230 1000 670 387 894 404 530 524 714 615 677 755 991
8 892 576 173 405 221 959 993 42 935 102 640 655 14 439 234 941 196 804 66 423 239 683 946 16 841 244 249 789 19 378 53 579 227 649 825 842 28 375 189 143 519 336 218 183 434
10 581 699 830 30 157 760 386 134 715 876 253 393 279 542 286 488 82 169 584 612 719 690 961
11 431 250 479 594 151 871 626 258 691 421 458 436 563 927 158 340 242 775 417 132 248 548 304 732 923 591 140 462 192 499 565 716 647 687 826 43 536 898 951 303 884 51 138 98 146 194 952 344 15 492 606 580 610 32 930 64 150 759 371
12 701 977 164 370 61 599 948 78 556 752 747 275 433 96 845 133 571 629 312 749 880 972 86 625 636 675 100 742 836 919 329 663 448 697 929 36 999 403 616 155 560 573 944 364 819 916 65 666 593 201 546 818 815 282 973 427 780 521 937 764 857 301 638 799 410 882 729 950 549 597 785 856 678 40 854 873 360 73 694 245 644 822 979 120 489 80 97 231 676 797 352 409 300 885 207 294 672 220 614 390 353 454 725 297 302 413 740 793
18 75 35 69 372 982 92 912 198 170 890 83 332 790 152 808 222 430 794 216 664 736 255 782 494 766 464 707 709 104 621 111 866 205 995 389 240
22 174 839 373 776 954 607 91 745 358 611 902 765 955 452 870 501 770 29 259 552 392 685 965 619 39 326 437 659 708 978 88 784 623 243 706 848 263 569 532 605 684 355 63 957 444 534 228 172 274 702 711 695 917 533 438 241 681 451 529 788 60 911 970 913 154 260 447 422 787 401 936
23 641 74 330 197 735 341 840 56 72 226 137 820 176 769 87 468 899 388 442 861 350 517 881 105 217 325 443 473
24 215 70 407 85
31 306 731 526 802 295 90 163 480 523 931 566 161 667 184 441 551 622 44 229 575 555 847 888 660 918 54 887 62 630 419
76 803 208 103 116 558 832 400 381 382 674
77 518 203 490 809 693 416 298 461 703 812 149 168 219 463 320 554 124 939 232 472 356 893 662 874 705 773 975 89 165 967 177 540 162 290 406 721 934 756 877 456 466 668 704 746
79 754 81 380 942 989 620 487 324 465 475 985 281
142 883 763 285 322 288 998 800 204 686 267 481 783 264 604 997 777 831 453 689 791
254 321 269 541 743 862
