2782
1 120 284 14 287 67 91 88 170 210
2 77 133 232 203 128 322 84 5 74 290 37 227 78 260 186 72 191 270 93 183 292 320 223 201 309 272 12 168 258 15 235 189 204 24 110 47 243 138 155 23 30 51 324 307 117 184 169 230 174 297 197 209 222 250 281
3 98 165 59 112 330 192 242 87 262 327 226 35 54 103 306 142
4 61 32 58 302 90 280 21 76 63 257 140 163 22 46 146 130 216 151 48 185 319 205 211 20 102 304 121 41 303 145 193 157 299 259 328 25 206 39 149 89 229 66 267 123 18 318 286 40 188 134 175 75 196 118 150 202 82 199 275 237 224 81 176 244 132 305 113 294
6 148 187 104 228 161 42 131 274 289 312 50 65 263 295 166 97 141 171 241 288 60 238 310 70 108 296 331 16 71 29 178 33 219 162 56 234 277 308 268
7 240 92 160 283 301 273 64 86 195 182 251 279 8 136 278 212 53 137 144 265 285 43 261 231 156 326 99 249 152 126 200 329 321 11 225 109 143 172 239 31 252 107 323 177 17 317 245 62 122 79 100 106 116 271 119 255 180 124 264
9 105 127 332 181 236 96 291 254 101 164 154 313 215 217 13 135 325 213
10 208 80 179 256 269 34 114 139 233 19 282 57
26 115 44 190 298 27 253 311 36 28 207 159 300 45 55 69 129 276 158
38 198 68 314 248 85 218 95 194 246 221 167 247 315
49 125 52 147 111 73 83 94 220 173 153 316 293 266 333
214
