2543
1 252 144 328 31 355 49 124 193 134 151 271 162 283 29 90
2 295 310 307 17 164 27 119 196 34 190 304 48 92 235
3 131 198 163 316 140 246 278 233 317 72 173
4 320 136 154 184 8 113 286 153 353 322 67 112 217 243 275 71 343 169 209 299 266
5 223 264 250 69 152 325 95 350 108 202 262 23 273 270 306 303 55 70 272 116 257 36 145 220 287 147 45 333
6 40 282 339 106 15 137 296 324 234 254
7 191 94 176 141 148 177 204 181 259 75 85 107 126 288 267 292 331 80 132 332 341 345 41 179 351 207 215 78 22 58 269 168 298 242 330 25 50 216 156 279 300 294 255 308
9 73 180 239 337 313 76 61 285 103 74 82 277
10 13 114 33 171 24 186 84 157 194 221 321 241 30 51 248 249 54 62 178 329 334 63 318 35 256 232 265 39 281 188 263
11 247 149 211 258 57 301 155 284 21 183 253 139 189 208 319 98 212 26 115 201 244 129 65 280 347
12 160 336 121 199 261 170 358 182 260 38 225 66 83 88 167 340 123 309 276 43 174 86 251 289 81 224 133 356 240 238 346
14 110 228 59 205 230 165 236 37 245 159 222 274 68 87 342 89 118 291 197 349
16 56 219 187 91 185 120 293 122 237 203 19 97 125 326 20 101 218 47 327 99 268 227
18 142 138 143 314 44 28 42 226 93 175 117 302 150 52 130
32 109 105 60 354 104 127 53 206 214 158 102 315 290 312 96 348 195 213 200 231 323 338
46 166 135 210 64 111 128 146 192
77 352 229 100 79 172 311 344 297 357 305 335 161
